{
 "version": 5,
 "joints": [
  {
   "name": "Root",
   "parent": -1,
   "rest_local": [
    0.9999539256095886,
    0.009599440731108189,
    0.00014910318714100868,
    0.0,
    -0.0024885362945497036,
    0.24416331946849823,
    0.9697309136390686,
    0.0,
    0.009272468276321888,
    -0.9696866273880005,
    0.2441760003566742,
    0.0,
    0.005281686782836914,
    -1.3879555463790894,
    0.6928834319114685,
    1.0
   ],
   "rest_world": [
    0.9999539256095886,
    0.009599440731108189,
    0.00014910318714100868,
    0.0,
    -0.0024885362945497036,
    0.24416331946849823,
    0.9697309136390686,
    0.0,
    0.009272468276321888,
    -0.9696866273880005,
    0.2441760003566742,
    0.0,
    0.005281686782836914,
    -1.3879555463790894,
    0.6928834319114685,
    1.0
   ],
   "constraints": [],
   "collider": {
    "shape": "none",
    "params": [
     0.0,
     0.0,
     0.0,
     0.0,
     0.0,
     0.0
    ],
    "ccd": false,
    "kinematic": false,
    "mass": 0.0,
    "hull_offset": 0,
    "hull_count": 0,
    "collision_group": 0
   },
   "joint_desc": {
    "type": 0,
    "axis": [
     0.0,
     1.0,
     0.0
    ],
    "rest_length": 0.0,
    "limit_min": [
     0.0,
     0.0,
     0.0
    ],
    "limit_max": [
     0.0,
     0.0,
     0.0
    ],
    "limit_axes": 0
   }
  },
  {
   "name": "Torso",
   "parent": 0,
   "rest_local": [
    0.9974234104156494,
    -0.07173953205347061,
    -8.754432201385498e-08,
    0.0,
    0.07173953205347061,
    0.9974234104156494,
    2.74099875241518e-07,
    0.0,
    6.913251127116382e-08,
    -2.762735675787553e-07,
    1.0,
    0.0,
    -0.012143950909376144,
    0.26658394932746887,
    -0.2817426919937134,
    1.0
   ],
   "rest_world": [
    0.9975559711456299,
    -0.007941369898617268,
    -0.06941934674978256,
    0.0,
    0.06925410032272339,
    0.24422261118888855,
    0.9672430753707886,
    0.0,
    0.009272538125514984,
    -0.9696866869926453,
    0.2441757321357727,
    0.0,
    -0.010137557983398438,
    -1.049780011177063,
    0.8826015591621399,
    1.0
   ],
   "constraints": [],
   "collider": {
    "shape": "convex_hull",
    "params": [
     0.0,
     0.0,
     0.0,
     0.0,
     0.0,
     0.0
    ],
    "ccd": false,
    "kinematic": false,
    "mass": 20.0,
    "hull_offset": 0,
    "hull_count": 18,
    "collision_group": 0
   },
   "joint_desc": {
    "type": 1,
    "axis": [
     0.0,
     1.0,
     0.0
    ],
    "rest_length": 0.0,
    "limit_min": [
     0.0,
     0.0,
     0.0
    ],
    "limit_max": [
     0.0,
     0.0,
     0.0
    ],
    "limit_axes": 0
   }
  },
  {
   "name": "Head",
   "parent": 1,
   "rest_local": [
    0.997410774230957,
    0.06788210570812225,
    0.023745905607938766,
    0.0,
    -0.06400580704212189,
    0.9884665608406067,
    -0.13724881410598755,
    0.0,
    -0.03278876096010208,
    0.13537350296974182,
    0.9902519583702087,
    0.0,
    -5.587935447692871e-09,
    -2.1886080503463745e-08,
    -1.77057683467865,
    1.0
   ],
   "rest_world": [
    0.999894380569458,
    -0.014368552714586258,
    0.0022170618176460266,
    0.0,
    0.003333345055580139,
    0.37500250339508057,
    0.9270178079605103,
    0.0,
    -0.01415130402892828,
    -0.9269124865531921,
    0.37501075863838196,
    0.0,
    -0.026555299758911133,
    0.6671247482299805,
    0.4502696692943573,
    1.0
   ],
   "constraints": [],
   "collider": {
    "shape": "convex_hull",
    "params": [
     0.0,
     0.0,
     0.0,
     0.0,
     0.0,
     0.0
    ],
    "ccd": false,
    "kinematic": false,
    "mass": 10.0,
    "hull_offset": 18,
    "hull_count": 20,
    "collision_group": 0
   },
   "joint_desc": {
    "type": 1,
    "axis": [
     0.0,
     1.0,
     0.0
    ],
    "rest_length": 0.0,
    "limit_min": [
     0.0,
     0.0,
     0.0
    ],
    "limit_max": [
     0.0,
     0.0,
     0.0
    ],
    "limit_axes": 0
   }
  },
  {
   "name": "Eye.L",
   "parent": 2,
   "rest_local": [
    0.9082229733467102,
    0.15995079278945923,
    -0.3867127597332001,
    0.0,
    0.14930503070354462,
    0.7394137382507324,
    0.656487226486206,
    0.0,
    0.39094629883766174,
    -0.6539748907089233,
    0.6476710438728333,
    0.0,
    -0.2622583210468292,
    -0.4184045195579529,
    -0.7076693177223206,
    1.0
   ],
   "rest_world": [
    0.9141327142715454,
    0.4053809940814972,
    0.005269378423690796,
    0.0,
    0.1424638330936432,
    -0.33336952328681946,
    0.931970477104187,
    0.0,
    0.3795596957206726,
    -0.8511939644813538,
    -0.362496018409729,
    0.0,
    -0.2801661491394043,
    1.1699378490447998,
    -0.20356380939483643,
    1.0
   ],
   "constraints": [],
   "collider": {
    "shape": "none",
    "params": [
     0.0,
     0.0,
     0.0,
     0.0,
     0.0,
     0.0
    ],
    "ccd": false,
    "kinematic": false,
    "mass": 0.0,
    "hull_offset": 0,
    "hull_count": 0,
    "collision_group": 0
   },
   "joint_desc": {
    "type": 1,
    "axis": [
     0.0,
     1.0,
     0.0
    ],
    "rest_length": 0.0,
    "limit_min": [
     0.0,
     0.0,
     0.0
    ],
    "limit_max": [
     0.0,
     0.0,
     0.0
    ],
    "limit_axes": 0
   }
  },
  {
   "name": "Ear.L",
   "parent": 2,
   "rest_local": [
    0.9082226753234863,
    0.15995104610919952,
    -0.386713445186615,
    0.0,
    0.14930535852909088,
    0.7394136190414429,
    0.6564871668815613,
    0.0,
    0.39094701409339905,
    -0.6539749503135681,
    0.6476706266403198,
    0.0,
    -0.3341578245162964,
    0.08785628527402878,
    -0.8605880737304688,
    1.0
   ],
   "rest_world": [
    0.9141324162483215,
    0.4053817391395569,
    0.005269348621368408,
    0.0,
    0.14246416091918945,
    -0.33336952328681946,
    0.9319703578948975,
    0.0,
    0.3795604109764099,
    -0.8511936068534851,
    -0.36249619722366333,
    0.0,
    -0.3482065200805664,
    1.5025622844696045,
    0.20824337005615234,
    1.0
   ],
   "constraints": [],
   "collider": {
    "shape": "convex_hull",
    "params": [
     0.0,
     0.0,
     0.0,
     0.0,
     0.0,
     0.0
    ],
    "ccd": false,
    "kinematic": false,
    "mass": 0.0,
    "hull_offset": 38,
    "hull_count": 10,
    "collision_group": 0
   },
   "joint_desc": {
    "type": 1,
    "axis": [
     0.0,
     1.0,
     0.0
    ],
    "rest_length": 0.0,
    "limit_min": [
     0.0,
     0.0,
     0.0
    ],
    "limit_max": [
     0.0,
     0.0,
     0.0
    ],
    "limit_axes": 0
   }
  },
  {
   "name": "Jaw",
   "parent": 2,
   "rest_local": [
    -0.08950197696685791,
    -0.9348788857460022,
    -0.3434983789920807,
    0.0,
    -0.9952146410942078,
    0.07036653161048889,
    0.06780114769935608,
    0.0,
    -0.03921493887901306,
    0.3479228913784027,
    -0.9367027282714844,
    0.0,
    0.011232493445277214,
    -0.7771087288856506,
    -0.35131537914276123,
    1.0
   ],
   "rest_world": [
    -0.08774784207344055,
    -0.030902951955795288,
    -0.9956634044647217,
    0.0,
    -0.995834469795227,
    -0.022158313542604446,
    0.08845072984695435,
    0.0,
    -0.02479548379778862,
    0.999276876449585,
    -0.02882981300354004,
    0.0,
    -0.012942792847752571,
    0.7011842727661133,
    -0.4018460810184479,
    1.0
   ],
   "constraints": [],
   "collider": {
    "shape": "none",
    "params": [
     0.0,
     0.0,
     0.0,
     0.0,
     0.0,
     0.0
    ],
    "ccd": false,
    "kinematic": false,
    "mass": 0.0,
    "hull_offset": 0,
    "hull_count": 0,
    "collision_group": 0
   },
   "joint_desc": {
    "type": 1,
    "axis": [
     0.0,
     1.0,
     0.0
    ],
    "rest_length": 0.0,
    "limit_min": [
     0.0,
     0.0,
     0.0
    ],
    "limit_max": [
     0.0,
     0.0,
     0.0
    ],
    "limit_axes": 0
   }
  },
  {
   "name": "Brow1.L",
   "parent": 2,
   "rest_local": [
    0.908222496509552,
    0.15995115041732788,
    -0.3867136836051941,
    0.0,
    0.14930522441864014,
    0.7394139170646667,
    0.6564868688583374,
    0.0,
    0.3909473419189453,
    -0.6539745330810547,
    0.6476708650588989,
    0.0,
    -0.41988152265548706,
    -0.46907728910446167,
    -0.6084029078483582,
    1.0
   ],
   "rest_world": [
    0.9141322374343872,
    0.4053820073604584,
    0.005269348621368408,
    0.0,
    0.1424640268087387,
    -0.33336910605430603,
    0.9319705367088318,
    0.0,
    0.3795607388019562,
    -0.8511936664581299,
    -0.3624957501888275,
    0.0,
    -0.4393463730812073,
    1.0611889362335205,
    -0.21366184949874878,
    1.0
   ],
   "constraints": [],
   "collider": {
    "shape": "none",
    "params": [
     0.0,
     0.0,
     0.0,
     0.0,
     0.0,
     0.0
    ],
    "ccd": false,
    "kinematic": false,
    "mass": 0.0,
    "hull_offset": 0,
    "hull_count": 0,
    "collision_group": 0
   },
   "joint_desc": {
    "type": 1,
    "axis": [
     0.0,
     1.0,
     0.0
    ],
    "rest_length": 0.0,
    "limit_min": [
     0.0,
     0.0,
     0.0
    ],
    "limit_max": [
     0.0,
     0.0,
     0.0
    ],
    "limit_axes": 0
   }
  },
  {
   "name": "Brow0.L",
   "parent": 2,
   "rest_local": [
    0.908223032951355,
    0.15995052456855774,
    -0.3867127299308777,
    0.0,
    0.14930512011051178,
    0.7394136786460876,
    0.6564870476722717,
    0.0,
    0.3909461200237274,
    -0.6539748907089233,
    0.6476712226867676,
    0.0,
    -0.22058415412902832,
    -0.3895105719566345,
    -0.7922688722610474,
    1.0
   ],
   "rest_world": [
    0.9141327738761902,
    0.40538087487220764,
    0.0052691251039505005,
    0.0,
    0.14246392250061035,
    -0.3333694040775299,
    0.9319704174995422,
    0.0,
    0.3795595169067383,
    -0.8511940836906433,
    -0.36249595880508423,
    0.0,
    -0.23720288276672363,
    1.2585906982421875,
    -0.20841193199157715,
    1.0
   ],
   "constraints": [],
   "collider": {
    "shape": "none",
    "params": [
     0.0,
     0.0,
     0.0,
     0.0,
     0.0,
     0.0
    ],
    "ccd": false,
    "kinematic": false,
    "mass": 0.0,
    "hull_offset": 0,
    "hull_count": 0,
    "collision_group": 0
   },
   "joint_desc": {
    "type": 1,
    "axis": [
     0.0,
     1.0,
     0.0
    ],
    "rest_length": 0.0,
    "limit_min": [
     0.0,
     0.0,
     0.0
    ],
    "limit_max": [
     0.0,
     0.0,
     0.0
    ],
    "limit_axes": 0
   }
  },
  {
   "name": "Ear.R",
   "parent": 2,
   "rest_local": [
    0.9412641525268555,
    -0.3226865828037262,
    0.09947352111339569,
    0.0,
    0.15390720963478088,
    0.6721897721290588,
    0.7242053151130676,
    0.0,
    -0.3005565106868744,
    -0.6663589477539062,
    0.6823720335960388,
    0.0,
    0.4030335545539856,
    0.05629701167345047,
    -0.7869325280189514,
    1.0
   ],
   "rest_world": [
    0.938681423664093,
    -0.2267361283302307,
    -0.259745717048645,
    0.0,
    0.14588314294815063,
    -0.4214135408401489,
    0.8950579166412354,
    0.0,
    -0.3124023973941803,
    -0.878066897392273,
    -0.36249610781669617,
    0.0,
    0.3877594769001007,
    1.411862850189209,
    0.20824337005615234,
    1.0
   ],
   "constraints": [],
   "collider": {
    "shape": "convex_hull",
    "params": [
     0.0,
     0.0,
     0.0,
     0.0,
     0.0,
     0.0
    ],
    "ccd": false,
    "kinematic": false,
    "mass": 0.0,
    "hull_offset": 48,
    "hull_count": 11,
    "collision_group": 0
   },
   "joint_desc": {
    "type": 1,
    "axis": [
     0.0,
     1.0,
     0.0
    ],
    "rest_length": 0.0,
    "limit_min": [
     0.0,
     0.0,
     0.0
    ],
    "limit_max": [
     0.0,
     0.0,
     0.0
    ],
    "limit_axes": 0
   }
  },
  {
   "name": "Brow1.R",
   "parent": 2,
   "rest_local": [
    0.9174869656562805,
    -0.3712756037712097,
    0.1427309811115265,
    0.0,
    0.15074926614761353,
    0.6566241979598999,
    0.7389989495277405,
    0.0,
    -0.3680928349494934,
    -0.656505286693573,
    0.6584136486053467,
    0.0,
    0.40671464800834656,
    -0.4950563907623291,
    -0.549069881439209,
    1.0
   ],
   "rest_world": [
    0.9141326546669006,
    -0.2847113609313965,
    -0.2886193096637726,
    0.0,
    0.1424642950296402,
    -0.4409177005290985,
    0.8861690759658813,
    0.0,
    -0.379559725522995,
    -0.8511940240859985,
    -0.3624959886074066,
    0.0,
    0.3862362205982208,
    0.984573245048523,
    -0.21366183459758759,
    1.0
   ],
   "constraints": [],
   "collider": {
    "shape": "none",
    "params": [
     0.0,
     0.0,
     0.0,
     0.0,
     0.0,
     0.0
    ],
    "ccd": false,
    "kinematic": false,
    "mass": 0.0,
    "hull_offset": 0,
    "hull_count": 0,
    "collision_group": 0
   },
   "joint_desc": {
    "type": 1,
    "axis": [
     0.0,
     1.0,
     0.0
    ],
    "rest_length": 0.0,
    "limit_min": [
     0.0,
     0.0,
     0.0
    ],
    "limit_max": [
     0.0,
     0.0,
     0.0
    ],
    "limit_axes": 0
   }
  },
  {
   "name": "Brow0.R",
   "parent": 2,
   "rest_local": [
    0.9174875617027283,
    -0.37127432227134705,
    0.14273032546043396,
    0.0,
    0.15074887871742249,
    0.6566243767738342,
    0.7389987111091614,
    0.0,
    -0.36809152364730835,
    -0.6565057039260864,
    0.658413827419281,
    0.0,
    0.21935135126113892,
    -0.38987430930137634,
    -0.7720144987106323,
    1.0
   ],
   "rest_world": [
    0.9141332507133484,
    -0.2847103178501129,
    -0.28861838579177856,
    0.0,
    0.14246390759944916,
    -0.440917432308197,
    0.8861691951751709,
    0.0,
    -0.37955841422080994,
    -0.8511943817138672,
    -0.3624962568283081,
    0.0,
    0.20239830017089844,
    1.2333590984344482,
    -0.20017817616462708,
    1.0
   ],
   "constraints": [],
   "collider": {
    "shape": "none",
    "params": [
     0.0,
     0.0,
     0.0,
     0.0,
     0.0,
     0.0
    ],
    "ccd": false,
    "kinematic": false,
    "mass": 0.0,
    "hull_offset": 0,
    "hull_count": 0,
    "collision_group": 0
   },
   "joint_desc": {
    "type": 1,
    "axis": [
     0.0,
     1.0,
     0.0
    ],
    "rest_length": 0.0,
    "limit_min": [
     0.0,
     0.0,
     0.0
    ],
    "limit_max": [
     0.0,
     0.0,
     0.0
    ],
    "limit_axes": 0
   }
  },
  {
   "name": "MD.L",
   "parent": 2,
   "rest_local": [
    0.9869662523269653,
    0.13021576404571533,
    0.09455985575914383,
    0.0,
    -0.15604951977729797,
    0.9179804921150208,
    0.3646372854709625,
    0.0,
    -0.03932257369160652,
    -0.37464070320129395,
    0.9263357520103455,
    0.0,
    -0.5502404570579529,
    -0.27135586738586426,
    -0.06356092542409897,
    1.0
   ],
   "rest_world": [
    0.9859578609466553,
    -0.052998751401901245,
    0.15836146473884583,
    0.0,
    -0.15813317894935608,
    0.00850030779838562,
    0.9873812198638916,
    0.0,
    -0.05367608740925789,
    -0.9985584020614624,
    8.940696716308594e-08,
    0.0,
    -0.5767426490783691,
    0.6321871876716614,
    0.173662006855011,
    1.0
   ],
   "constraints": [],
   "collider": {
    "shape": "none",
    "params": [
     0.0,
     0.0,
     0.0,
     0.0,
     0.0,
     0.0
    ],
    "ccd": false,
    "kinematic": false,
    "mass": 0.0,
    "hull_offset": 0,
    "hull_count": 0,
    "collision_group": 0
   },
   "joint_desc": {
    "type": 1,
    "axis": [
     0.0,
     1.0,
     0.0
    ],
    "rest_length": 0.0,
    "limit_min": [
     0.0,
     0.0,
     0.0
    ],
    "limit_max": [
     0.0,
     0.0,
     0.0
    ],
    "limit_axes": 0
   }
  },
  {
   "name": "MD.R",
   "parent": 2,
   "rest_local": [
    0.9869661331176758,
    0.13021597266197205,
    0.09455975890159607,
    0.0,
    -0.1560496985912323,
    0.917980432510376,
    0.3646373450756073,
    0.0,
    -0.0393223911523819,
    -0.37464070320129395,
    0.9263357520103455,
    0.0,
    0.6135990023612976,
    -0.2978379428386688,
    -0.004978448152542114,
    1.0
   ],
   "rest_world": [
    0.9859578013420105,
    -0.052998583763837814,
    0.15836161375045776,
    0.0,
    -0.1581333577632904,
    0.008500248193740845,
    0.9873811602592468,
    0.0,
    -0.053675904870033264,
    -0.9985584020614624,
    8.940696716308594e-08,
    0.0,
    0.5860565304756165,
    0.5512328743934631,
    0.17366202175617218,
    1.0
   ],
   "constraints": [],
   "collider": {
    "shape": "none",
    "params": [
     0.0,
     0.0,
     0.0,
     0.0,
     0.0,
     0.0
    ],
    "ccd": false,
    "kinematic": false,
    "mass": 0.0,
    "hull_offset": 0,
    "hull_count": 0,
    "collision_group": 0
   },
   "joint_desc": {
    "type": 1,
    "axis": [
     0.0,
     1.0,
     0.0
    ],
    "rest_length": 0.0,
    "limit_min": [
     0.0,
     0.0,
     0.0
    ],
    "limit_max": [
     0.0,
     0.0,
     0.0
    ],
    "limit_axes": 0
   }
  },
  {
   "name": "LL.L",
   "parent": 2,
   "rest_local": [
    0.9082229733467102,
    0.15995027124881744,
    -0.3867129385471344,
    0.0,
    0.14930540323257446,
    0.7394137382507324,
    0.656486988067627,
    0.0,
    0.3909461498260498,
    -0.6539748907089233,
    0.6476712226867676,
    0.0,
    -0.2712269723415375,
    -0.5072242021560669,
    -0.5149833559989929,
    1.0
   ],
   "rest_world": [
    0.9141327142715454,
    0.4053809642791748,
    0.0052688270807266235,
    0.0,
    0.14246420562267303,
    -0.33336931467056274,
    0.9319704174995422,
    0.0,
    0.37955954670906067,
    -0.8511940836906433,
    -0.36249595880508423,
    0.0,
    -0.2921566963195801,
    0.9581561088562012,
    -0.21366184949874878,
    1.0
   ],
   "constraints": [],
   "collider": {
    "shape": "none",
    "params": [
     0.0,
     0.0,
     0.0,
     0.0,
     0.0,
     0.0
    ],
    "ccd": false,
    "kinematic": false,
    "mass": 0.0,
    "hull_offset": 0,
    "hull_count": 0,
    "collision_group": 0
   },
   "joint_desc": {
    "type": 1,
    "axis": [
     0.0,
     1.0,
     0.0
    ],
    "rest_length": 0.0,
    "limit_min": [
     0.0,
     0.0,
     0.0
    ],
    "limit_max": [
     0.0,
     0.0,
     0.0
    ],
    "limit_axes": 0
   }
  },
  {
   "name": "LL.R",
   "parent": 2,
   "rest_local": [
    0.9174869656562805,
    -0.3712754249572754,
    0.14273111522197723,
    0.0,
    0.1507491022348404,
    0.6566241979598999,
    0.7389988303184509,
    0.0,
    -0.368092805147171,
    -0.6565052270889282,
    0.6584135293960571,
    0.0,
    0.2578800618648529,
    -0.5413426756858826,
    -0.4337715208530426,
    1.0
   ],
   "rest_world": [
    0.9141326546669006,
    -0.28471142053604126,
    -0.28861910104751587,
    0.0,
    0.14246413111686707,
    -0.4409175515174866,
    0.8861690759658813,
    0.0,
    -0.3795596957206726,
    -0.851193904876709,
    -0.36249595880508423,
    0.0,
    0.23563148081302643,
    0.8624827861785889,
    -0.21366186439990997,
    1.0
   ],
   "constraints": [],
   "collider": {
    "shape": "none",
    "params": [
     0.0,
     0.0,
     0.0,
     0.0,
     0.0,
     0.0
    ],
    "ccd": false,
    "kinematic": false,
    "mass": 0.0,
    "hull_offset": 0,
    "hull_count": 0,
    "collision_group": 0
   },
   "joint_desc": {
    "type": 1,
    "axis": [
     0.0,
     1.0,
     0.0
    ],
    "rest_length": 0.0,
    "limit_min": [
     0.0,
     0.0,
     0.0
    ],
    "limit_max": [
     0.0,
     0.0,
     0.0
    ],
    "limit_axes": 0
   }
  },
  {
   "name": "Eye.R",
   "parent": 2,
   "rest_local": [
    0.9174870252609253,
    -0.3712753653526306,
    0.14273113012313843,
    0.0,
    0.15074902772903442,
    0.6566241979598999,
    0.7389988899230957,
    0.0,
    -0.36809274554252625,
    -0.6565053462982178,
    0.6584135293960571,
    0.0,
    0.268098384141922,
    -0.38537800312042236,
    -0.6247813701629639,
    1.0
   ],
   "rest_world": [
    0.9141327142715454,
    -0.28471142053604126,
    -0.2886190414428711,
    0.0,
    0.1424640566110611,
    -0.4409176707267761,
    0.8861690759658813,
    0.0,
    -0.37955963611602783,
    -0.851193904876709,
    -0.3624960780143738,
    0.0,
    0.2490716278553009,
    1.0978724956512451,
    -0.1406879425048828,
    1.0
   ],
   "constraints": [],
   "collider": {
    "shape": "none",
    "params": [
     0.0,
     0.0,
     0.0,
     0.0,
     0.0,
     0.0
    ],
    "ccd": false,
    "kinematic": false,
    "mass": 0.0,
    "hull_offset": 0,
    "hull_count": 0,
    "collision_group": 0
   },
   "joint_desc": {
    "type": 1,
    "axis": [
     0.0,
     1.0,
     0.0
    ],
    "rest_length": 0.0,
    "limit_min": [
     0.0,
     0.0,
     0.0
    ],
    "limit_max": [
     0.0,
     0.0,
     0.0
    ],
    "limit_axes": 0
   }
  },
  {
   "name": "Sh.L",
   "parent": 1,
   "rest_local": [
    0.6222764849662781,
    -0.47291284799575806,
    0.6237990856170654,
    0.0,
    0.10193943977355957,
    -0.7411423325538635,
    -0.6635634303092957,
    0.0,
    0.7761316299438477,
    0.4765094816684723,
    -0.4129868745803833,
    0.0,
    -0.6970086693763733,
    0.42798587679862976,
    -1.6163139343261719,
    1.0
   ],
   "rest_world": [
    0.5937886834144592,
    -0.7253273725509644,
    -0.34830307960510254,
    0.0,
    0.04421023651957512,
    0.4616353511810303,
    -0.8859673738479614,
    0.0,
    0.8034055233001709,
    0.5106787085533142,
    0.30618056654930115,
    0.0,
    -0.6907902359962463,
    0.6275971531867981,
    0.9502891302108765,
    1.0
   ],
   "constraints": [],
   "collider": {
    "shape": "none",
    "params": [
     0.0,
     0.0,
     0.0,
     0.0,
     0.0,
     0.0
    ],
    "ccd": false,
    "kinematic": false,
    "mass": 0.0,
    "hull_offset": 0,
    "hull_count": 0,
    "collision_group": 0
   },
   "joint_desc": {
    "type": 1,
    "axis": [
     0.0,
     1.0,
     0.0
    ],
    "rest_length": 0.0,
    "limit_min": [
     0.0,
     0.0,
     0.0
    ],
    "limit_max": [
     0.0,
     0.0,
     0.0
    ],
    "limit_axes": 0
   }
  },
  {
   "name": "UA.L",
   "parent": 16,
   "rest_local": [
    -0.9202309846878052,
    0.30555135011672974,
    0.24456748366355896,
    0.0,
    -0.3908143639564514,
    -0.7508553862571716,
    -0.5324286222457886,
    0.0,
    0.020950451493263245,
    -0.5855377912521362,
    0.8103742599487305,
    0.0,
    -5.960464477539063e-08,
    -5.21540641784668e-08,
    -0.5080007314682007,
    1.0
   ],
   "rest_world": [
    -0.33642739057540894,
    0.9334174394607544,
    0.12469255924224854,
    0.0,
    -0.6930127739906311,
    -0.3350529670715332,
    0.6383359432220459,
    0.0,
    0.6376125812530518,
    0.1283400058746338,
    0.7595911026000977,
    0.0,
    -1.0989208221435547,
    0.3681720197200775,
    0.7947492003440857,
    1.0
   ],
   "constraints": [],
   "collider": {
    "shape": "convex_hull",
    "params": [
     0.0,
     0.0,
     0.0,
     0.0,
     0.0,
     0.0
    ],
    "ccd": false,
    "kinematic": false,
    "mass": 0.0,
    "hull_offset": 59,
    "hull_count": 17,
    "collision_group": 3
   },
   "joint_desc": {
    "type": 1,
    "axis": [
     0.0,
     1.0,
     0.0
    ],
    "rest_length": 0.0,
    "limit_min": [
     0.0,
     0.0,
     0.0
    ],
    "limit_max": [
     0.0,
     0.0,
     0.0
    ],
    "limit_axes": 0
   }
  },
  {
   "name": "ATw.L",
   "parent": 17,
   "rest_local": [
    -0.3348034918308258,
    -0.8068789839744568,
    -0.4866752326488495,
    0.0,
    0.8942587375640869,
    -0.4348677396774292,
    0.10578861832618713,
    0.0,
    -0.29699796438217163,
    -0.39979517459869385,
    0.8671539425849915,
    0.0,
    -5.587935447692871e-08,
    -4.470348358154297e-08,
    -0.4371805191040039,
    1.0
   ],
   "rest_world": [
    0.36150428652763367,
    -0.10462409257888794,
    -0.9264815449714661,
    0.0,
    0.06796792149543762,
    0.99399733543396,
    -0.08572819828987122,
    0.0,
    0.9298896193504333,
    -0.0319799929857254,
    0.36644530296325684,
    0.0,
    -1.3776726722717285,
    0.3120642602443695,
    0.4626707434654236,
    1.0
   ],
   "constraints": [
    {
     "type": "COPY_ROTATION",
     "influence": 0.6000000238418579,
     "owner_space": "LOCAL",
     "target_space": "LOCAL",
     "target_bone": 20,
     "params": {
      "mix_mode": 0,
      "use_x": false,
      "use_y": true,
      "use_z": false,
      "invert_x": false,
      "invert_y": false,
      "invert_z": false
     }
    },
    {
     "type": "COPY_ROTATION",
     "influence": 0.3700000047683716,
     "owner_space": "LOCAL",
     "target_space": "LOCAL",
     "target_bone": 20,
     "params": {
      "mix_mode": 0,
      "use_x": false,
      "use_y": false,
      "use_z": true,
      "invert_x": false,
      "invert_y": false,
      "invert_z": false
     }
    }
   ],
   "collider": {
    "shape": "none",
    "params": [
     0.0,
     0.0,
     0.0,
     0.0,
     0.0,
     0.0
    ],
    "ccd": false,
    "kinematic": false,
    "mass": 0.0,
    "hull_offset": 0,
    "hull_count": 0,
    "collision_group": 0
   },
   "joint_desc": {
    "type": 1,
    "axis": [
     0.0,
     1.0,
     0.0
    ],
    "rest_length": 0.0,
    "limit_min": [
     0.0,
     0.0,
     0.0
    ],
    "limit_max": [
     0.0,
     0.0,
     0.0
    ],
    "limit_axes": 0
   }
  },
  {
   "name": "FA.L",
   "parent": 18,
   "rest_local": [
    -0.3221546411514282,
    0.9465643763542175,
    -0.015242349356412888,
    0.0,
    -0.9463411569595337,
    -0.3224303722381592,
    -0.02184063382446766,
    0.0,
    -0.025588154792785645,
    0.007388390600681305,
    0.9996453523635864,
    0.0,
    9.313225746154785e-08,
    2.60770320892334e-08,
    -0.3323690891265869,
    1.0
   ],
   "rest_world": [
    -0.06629796326160431,
    0.9750750064849854,
    0.21173757314682007,
    0.0,
    -0.3843306601047516,
    -0.22078639268875122,
    0.8964055776596069,
    0.0,
    0.9208117723464966,
    -0.021947462111711502,
    0.38938888907432556,
    0.0,
    -1.686739206314087,
    0.322693407535553,
    0.34087565541267395,
    1.0
   ],
   "constraints": [],
   "collider": {
    "shape": "convex_hull",
    "params": [
     0.0,
     0.0,
     0.0,
     0.0,
     0.0,
     0.0
    ],
    "ccd": false,
    "kinematic": false,
    "mass": 0.0,
    "hull_offset": 76,
    "hull_count": 18,
    "collision_group": 3
   },
   "joint_desc": {
    "type": 1,
    "axis": [
     0.0,
     1.0,
     0.0
    ],
    "rest_length": 0.0,
    "limit_min": [
     0.0,
     0.0,
     0.0
    ],
    "limit_max": [
     0.0,
     0.0,
     0.0
    ],
    "limit_axes": 0
   }
  },
  {
   "name": "H1.L",
   "parent": 19,
   "rest_local": [
    0.9364420771598816,
    0.2178691029548645,
    0.274971604347229,
    0.0,
    -0.10081817954778671,
    0.9178542494773865,
    -0.3839001953601837,
    0.0,
    -0.33602386713027954,
    0.3317781686782837,
    0.8814824223518372,
    0.0,
    -5.774199962615967e-08,
    -6.705522537231445e-08,
    -0.6366894841194153,
    1.0
   ],
   "rest_world": [
    0.10737912356853485,
    0.8589637875556946,
    0.5006499290466309,
    0.0,
    -0.6995753049850464,
    -0.2925293743610382,
    0.6519361734390259,
    0.0,
    0.7064446210861206,
    -0.4202468693256378,
    0.5694984197616577,
    0.0,
    -2.273010492324829,
    0.33666712045669556,
    0.09295576810836792,
    1.0
   ],
   "constraints": [],
   "collider": {
    "shape": "none",
    "params": [
     0.0,
     0.0,
     0.0,
     0.0,
     0.0,
     0.0
    ],
    "ccd": false,
    "kinematic": false,
    "mass": 0.0,
    "hull_offset": 0,
    "hull_count": 0,
    "collision_group": 0
   },
   "joint_desc": {
    "type": 1,
    "axis": [
     0.0,
     1.0,
     0.0
    ],
    "rest_length": 0.0,
    "limit_min": [
     0.0,
     0.0,
     0.0
    ],
    "limit_max": [
     0.0,
     0.0,
     0.0
    ],
    "limit_axes": 0
   }
  },
  {
   "name": "Th.M.L",
   "parent": 20,
   "rest_local": [
    0.946476399898529,
    0.18475058674812317,
    -0.26466888189315796,
    0.0,
    -0.2896391451358795,
    0.8480181097984314,
    -0.44381803274154663,
    0.0,
    0.14244841039180756,
    0.4967218339443207,
    0.8561399579048157,
    0.0,
    -0.34444674849510193,
    -0.25768280029296875,
    -0.4091998338699341,
    1.0
   ],
   "rest_world": [
    -0.21458904445171356,
    0.8701702356338501,
    0.44357040524482727,
    0.0,
    -0.9378865957260132,
    -0.3103466033935547,
    0.15509217977523804,
    0.0,
    0.2726171314716339,
    -0.3827379047870636,
    0.8827180862426758,
    0.0,
    -2.4188053607940674,
    0.28814464807510376,
    -0.4805228114128113,
    1.0
   ],
   "constraints": [],
   "collider": {
    "shape": "none",
    "params": [
     0.0,
     0.0,
     0.0,
     0.0,
     0.0,
     0.0
    ],
    "ccd": false,
    "kinematic": false,
    "mass": 0.0,
    "hull_offset": 0,
    "hull_count": 0,
    "collision_group": 0
   },
   "joint_desc": {
    "type": 1,
    "axis": [
     0.0,
     1.0,
     0.0
    ],
    "rest_length": 0.0,
    "limit_min": [
     0.0,
     0.0,
     0.0
    ],
    "limit_max": [
     0.0,
     0.0,
     0.0
    ],
    "limit_axes": 0
   }
  },
  {
   "name": "Th.D.L",
   "parent": 21,
   "rest_local": [
    0.9306533932685852,
    0.193876713514328,
    -0.3103160858154297,
    0.0,
    -0.2630465030670166,
    0.9440169930458069,
    -0.19909437000751495,
    0.0,
    0.2543439269065857,
    0.26691535115242004,
    0.9295512437820435,
    0.0,
    -5.960464477539063e-08,
    -1.2665987014770508e-07,
    -0.2938293218612671,
    1.0
   ],
   "rest_world": [
    -0.46613985300064087,
    0.8684276342391968,
    0.1689574420452118,
    0.0,
    -0.8832105398178101,
    -0.44566673040390015,
    -0.14601418375968933,
    0.0,
    -0.051504164934158325,
    -0.21728825569152832,
    0.9747475981712341,
    0.0,
    -2.498908281326294,
    0.4006042778491974,
    -0.7398912906646729,
    1.0
   ],
   "constraints": [],
   "collider": {
    "shape": "none",
    "params": [
     0.0,
     0.0,
     0.0,
     0.0,
     0.0,
     0.0
    ],
    "ccd": false,
    "kinematic": false,
    "mass": 0.0,
    "hull_offset": 0,
    "hull_count": 0,
    "collision_group": 0
   },
   "joint_desc": {
    "type": 1,
    "axis": [
     0.0,
     1.0,
     0.0
    ],
    "rest_length": 0.0,
    "limit_min": [
     0.0,
     0.0,
     0.0
    ],
    "limit_max": [
     0.0,
     0.0,
     0.0
    ],
    "limit_axes": 0
   }
  },
  {
   "name": "H2.L",
   "parent": 20,
   "rest_local": [
    0.855090856552124,
    0.5153251886367798,
    -0.05709145963191986,
    0.0,
    -0.4254620671272278,
    0.7603493928909302,
    0.49076542258262634,
    0.0,
    0.2963133156299591,
    -0.39535877108573914,
    0.8694190382957458,
    0.0,
    -5.21540641784668e-08,
    3.725290298461914e-08,
    -0.2648426294326782,
    1.0
   ],
   "rest_world": [
    -0.30902183055877686,
    0.6077368259429932,
    0.7315468192100525,
    0.0,
    -0.2309088408946991,
    -0.7941237092018127,
    0.5621818900108337,
    0.0,
    0.9225975275039673,
    0.0048057883977890015,
    0.38573333621025085,
    0.0,
    -2.4601070880889893,
    0.44796639680862427,
    -0.05787166953086853,
    1.0
   ],
   "constraints": [],
   "collider": {
    "shape": "convex_hull",
    "params": [
     0.0,
     0.0,
     0.0,
     0.0,
     0.0,
     0.0
    ],
    "ccd": false,
    "kinematic": false,
    "mass": 0.0,
    "hull_offset": 94,
    "hull_count": 23,
    "collision_group": 3
   },
   "joint_desc": {
    "type": 1,
    "axis": [
     0.0,
     1.0,
     0.0
    ],
    "rest_length": 0.0,
    "limit_min": [
     0.0,
     0.0,
     0.0
    ],
    "limit_max": [
     0.0,
     0.0,
     0.0
    ],
    "limit_axes": 0
   }
  },
  {
   "name": "F1.T.L",
   "parent": 23,
   "rest_local": [
    0.753956139087677,
    -0.6543472409248352,
    -0.05813803896307945,
    0.0,
    0.6489242315292358,
    0.7556214332580566,
    -0.08907153457403183,
    0.0,
    0.10221405327320099,
    0.029428839683532715,
    0.9943272471427917,
    0.0,
    -0.2870641350746155,
    -0.06367255747318268,
    -0.6107749342918396,
    1.0
   ],
   "rest_world": [
    -0.13553234934806824,
    0.9775601029396057,
    0.1612662374973297,
    0.0,
    -0.45718854665756226,
    -0.20610976219177246,
    0.8651572465896606,
    0.0,
    0.8789820671081543,
    0.04352762550115585,
    0.47486382722854614,
    0.0,
    -2.9201948642730713,
    0.32113558053970337,
    -0.5392642617225647,
    1.0
   ],
   "constraints": [],
   "collider": {
    "shape": "none",
    "params": [
     0.0,
     0.0,
     0.0,
     0.0,
     0.0,
     0.0
    ],
    "ccd": false,
    "kinematic": false,
    "mass": 0.0,
    "hull_offset": 0,
    "hull_count": 0,
    "collision_group": 0
   },
   "joint_desc": {
    "type": 1,
    "axis": [
     0.0,
     1.0,
     0.0
    ],
    "rest_length": 0.0,
    "limit_min": [
     0.0,
     0.0,
     0.0
    ],
    "limit_max": [
     0.0,
     0.0,
     0.0
    ],
    "limit_axes": 0
   }
  },
  {
   "name": "F1.M.L",
   "parent": 24,
   "rest_local": [
    0.9704653024673462,
    -0.05015610530972481,
    0.23596934974193573,
    0.0,
    0.041830163449048996,
    0.9983172416687012,
    0.04016195237636566,
    0.0,
    -0.23758664727210999,
    -0.029105093330144882,
    0.970930278301239,
    0.0,
    -3.725290298461914e-08,
    -1.6391277313232422e-07,
    -0.31212469935417175,
    1.0
   ],
   "rest_world": [
    0.09881418198347092,
    0.9692969918251038,
    0.22516365349292755,
    0.0,
    -0.4267868995666504,
    -0.1631232500076294,
    0.8895185589790344,
    0.0,
    0.898937463760376,
    -0.18399406969547272,
    0.39756444096565247,
    0.0,
    -3.194546937942505,
    0.30754953622817993,
    -0.6874810457229614,
    1.0
   ],
   "constraints": [],
   "collider": {
    "shape": "none",
    "params": [
     0.0,
     0.0,
     0.0,
     0.0,
     0.0,
     0.0
    ],
    "ccd": false,
    "kinematic": false,
    "mass": 0.0,
    "hull_offset": 0,
    "hull_count": 0,
    "collision_group": 0
   },
   "joint_desc": {
    "type": 1,
    "axis": [
     0.0,
     1.0,
     0.0
    ],
    "rest_length": 0.0,
    "limit_min": [
     0.0,
     0.0,
     0.0
    ],
    "limit_max": [
     0.0,
     0.0,
     0.0
    ],
    "limit_axes": 0
   }
  },
  {
   "name": "F1.D.L",
   "parent": 25,
   "rest_local": [
    0.9964175224304199,
    -0.02718585915863514,
    -0.08008087426424026,
    0.0,
    0.03298288211226463,
    0.9968604445457458,
    0.07198016345500946,
    0.0,
    0.07787264138460159,
    -0.07436354458332062,
    0.9941859841346741,
    0.0,
    2.9802322387695312e-08,
    2.60770320892334e-08,
    -0.1392461061477661,
    1.0
   ],
   "rest_world": [
    0.038075029850006104,
    0.984993577003479,
    0.1683373898267746,
    0.0,
    -0.3574821949005127,
    -0.1438848376274109,
    0.9227692484855652,
    0.0,
    0.9331433773040771,
    -0.09531217813491821,
    0.34663933515548706,
    0.0,
    -3.319720506668091,
    0.33316999673843384,
    -0.7428403496742249,
    1.0
   ],
   "constraints": [],
   "collider": {
    "shape": "none",
    "params": [
     0.0,
     0.0,
     0.0,
     0.0,
     0.0,
     0.0
    ],
    "ccd": false,
    "kinematic": false,
    "mass": 0.0,
    "hull_offset": 0,
    "hull_count": 0,
    "collision_group": 0
   },
   "joint_desc": {
    "type": 1,
    "axis": [
     0.0,
     1.0,
     0.0
    ],
    "rest_length": 0.0,
    "limit_min": [
     0.0,
     0.0,
     0.0
    ],
    "limit_max": [
     0.0,
     0.0,
     0.0
    ],
    "limit_axes": 0
   }
  },
  {
   "name": "F2.T.L",
   "parent": 23,
   "rest_local": [
    0.7554931640625,
    -0.6354137063026428,
    -0.15962298214435577,
    0.0,
    0.6496410369873047,
    0.758105993270874,
    0.056936781853437424,
    0.0,
    0.08483272790908813,
    -0.14671297371387482,
    0.9855348467826843,
    0.0,
    -0.1511770635843277,
    -0.015544146299362183,
    -0.6086249947547913,
    1.0
   ],
   "rest_world": [
    -0.2340089976787567,
    0.9629709720611572,
    0.1338886022567749,
    0.0,
    -0.3232768774032593,
    -0.2069455087184906,
    0.9233987331390381,
    0.0,
    0.9169141054153442,
    0.17280049622058868,
    0.35973334312438965,
    0.0,
    -2.9713165760040283,
    0.365509569644928,
    -0.4119701385498047,
    1.0
   ],
   "constraints": [],
   "collider": {
    "shape": "none",
    "params": [
     0.0,
     0.0,
     0.0,
     0.0,
     0.0,
     0.0
    ],
    "ccd": false,
    "kinematic": false,
    "mass": 0.0,
    "hull_offset": 0,
    "hull_count": 0,
    "collision_group": 0
   },
   "joint_desc": {
    "type": 1,
    "axis": [
     0.0,
     1.0,
     0.0
    ],
    "rest_length": 0.0,
    "limit_min": [
     0.0,
     0.0,
     0.0
    ],
    "limit_max": [
     0.0,
     0.0,
     0.0
    ],
    "limit_axes": 0
   }
  },
  {
   "name": "F2.M.L",
   "parent": 27,
   "rest_local": [
    0.9866918325424194,
    -0.0011749248951673508,
    0.16259747743606567,
    0.0,
    0.0002234131097793579,
    0.9999827742576599,
    0.005870092660188675,
    0.0,
    -0.16260157525539398,
    -0.0057556359097361565,
    0.9866750836372375,
    0.0,
    -1.4901161193847656e-08,
    1.4901161193847656e-08,
    -0.2731705904006958,
    1.0
   ],
   "rest_world": [
    -0.08142702281475067,
    0.9784956574440002,
    0.18951359391212463,
    0.0,
    -0.31794121861457825,
    -0.2057124227285385,
    0.9255243539810181,
    0.0,
    0.944607138633728,
    0.015108454041182995,
    0.3278546929359436,
    0.0,
    -3.2217905521392822,
    0.3183055520057678,
    -0.5102387070655823,
    1.0
   ],
   "constraints": [],
   "collider": {
    "shape": "none",
    "params": [
     0.0,
     0.0,
     0.0,
     0.0,
     0.0,
     0.0
    ],
    "ccd": false,
    "kinematic": false,
    "mass": 0.0,
    "hull_offset": 0,
    "hull_count": 0,
    "collision_group": 0
   },
   "joint_desc": {
    "type": 1,
    "axis": [
     0.0,
     1.0,
     0.0
    ],
    "rest_length": 0.0,
    "limit_min": [
     0.0,
     0.0,
     0.0
    ],
    "limit_max": [
     0.0,
     0.0,
     0.0
    ],
    "limit_axes": 0
   }
  },
  {
   "name": "F2.D.L",
   "parent": 28,
   "rest_local": [
    0.9321972131729126,
    -0.05922366678714752,
    0.35707297921180725,
    0.0,
    0.03036138415336609,
    0.9958406686782837,
    0.08590555936098099,
    0.0,
    -0.3606753945350647,
    -0.06923966109752655,
    0.9301177263259888,
    0.0,
    2.2351741790771484e-08,
    0.0,
    -0.22779177129268646,
    1.0
   ],
   "rest_world": [
    0.2802172601222992,
    0.9297287464141846,
    0.23891913890838623,
    0.0,
    -0.23794399201869965,
    -0.173850417137146,
    0.9555931687355042,
    0.0,
    0.9299786686897278,
    -0.3246231973171234,
    0.17250755429267883,
    0.0,
    -3.436964273452759,
    0.31486397981643677,
    -0.5849213004112244,
    1.0
   ],
   "constraints": [],
   "collider": {
    "shape": "none",
    "params": [
     0.0,
     0.0,
     0.0,
     0.0,
     0.0,
     0.0
    ],
    "ccd": false,
    "kinematic": false,
    "mass": 0.0,
    "hull_offset": 0,
    "hull_count": 0,
    "collision_group": 0
   },
   "joint_desc": {
    "type": 1,
    "axis": [
     0.0,
     1.0,
     0.0
    ],
    "rest_length": 0.0,
    "limit_min": [
     0.0,
     0.0,
     0.0
    ],
    "limit_max": [
     0.0,
     0.0,
     0.0
    ],
    "limit_axes": 0
   }
  },
  {
   "name": "F3.T.L",
   "parent": 23,
   "rest_local": [
    0.8798520565032959,
    -0.47447729110717773,
    -0.027046509087085724,
    0.0,
    0.46882402896881104,
    0.8572278618812561,
    0.21298912167549133,
    0.0,
    -0.07787347584962845,
    -0.20007896423339844,
    0.9766800403594971,
    0.0,
    -0.008112996816635132,
    0.04970644414424896,
    -0.5500157475471497,
    1.0
   ],
   "rest_world": [
    -0.18728552758693695,
    0.9113821983337402,
    0.36647769808769226,
    0.0,
    -0.1463150978088379,
    -0.39479976892471313,
    0.9070416688919067,
    0.0,
    0.9713471531867981,
    0.11625456809997559,
    0.20728915929794312,
    0.0,
    -2.9765207767486572,
    0.40091949701309204,
    -0.2480219304561615,
    1.0
   ],
