{
 "version": 5,
 "joints": [
  {
   "name": "Torso",
   "parent": -1,
   "rest_local": [
    1.0,
    -1.8765788922792126e-09,
    -2.3841116103540116e-07,
    0.0,
    2.3841853646899835e-07,
    0.007870972156524658,
    0.9999690055847168,
    0.0,
    0.0,
    -0.9999690055847168,
    0.007870943285524845,
    0.0,
    1.4621539910227672e-15,
    -6.584956169128418,
    0.122102752327919,
    1.0
   ],
   "rest_world": [
    1.0,
    -1.8765788922792126e-09,
    -2.3841116103540116e-07,
    0.0,
    2.3841853646899835e-07,
    0.007870972156524658,
    0.9999690055847168,
    0.0,
    0.0,
    -0.9999690055847168,
    0.007870943285524845,
    0.0,
    1.4621539910227672e-15,
    -6.584956169128418,
    0.122102752327919,
    1.0
   ],
   "tail_pos": [
    1.4071223663187737e-15,
    -1.33711576461792,
    0.080796018242836
   ],
   "constraints": [],
   "collider": {
    "shape": "none",
    "params": [
     0.0,
     0.0,
     0.0,
     0.0,
     0.0,
     0.0
    ],
    "ccd": false,
    "kinematic": false,
    "mass": 0.0,
    "hull_offset": 0,
    "hull_count": 0,
    "collision_group": 0
   },
   "joint_desc": {
    "type": 0,
    "axis": [
     0.0,
     1.0,
     0.0
    ],
    "rest_length": 0.0,
    "limit_min": [
     0.0,
     0.0,
     0.0
    ],
    "limit_max": [
     0.0,
     0.0,
     0.0
    ],
    "limit_axes": 0,
    "stiffness": 0.0,
    "angular_compliance": 0.0,
    "damping": 0.0,
    "yield_strength": 0.0,
    "break_strength": 0.0,
    "mass_scale": 10.0
   }
  },
  {
   "name": "Head",
   "parent": 0,
   "rest_local": [
    0.9989805817604065,
    -0.00019713422807399184,
    0.04514193534851074,
    0.0,
    -0.0008732308633625507,
    0.999718964099884,
    0.02369016222655773,
    0.0,
    -0.045133911073207855,
    -0.023705432191491127,
    0.9986997246742249,
    0.0,
    -5.362474533025146e-16,
    -9.313225746154785e-10,
    -5.2480034828186035,
    1.0
   ],
   "rest_world": [
    0.9989805817604065,
    -0.04514208808541298,
    0.00015794334467500448,
    0.0,
    -0.0008729925029911101,
    -0.015820667147636414,
    0.9998744130134583,
    0.0,
    -0.04513391852378845,
    -0.9988552927970886,
    -0.01584397628903389,
    0.0,
    1.4621539910227672e-15,
    -1.33711576461792,
    0.080796018242836,
    1.0
   ],
   "tail_pos": [
    0.17650246620178223,
    2.5690464973449707,
    0.14275607466697693
   ],
   "constraints": [],
   "collider": {
    "shape": "none",
    "params": [
     0.0,
     0.0,
     0.0,
     0.0,
     0.0,
     0.0
    ],
    "ccd": false,
    "kinematic": false,
    "mass": 0.0,
    "hull_offset": 0,
    "hull_count": 0,
    "collision_group": 0
   },
   "joint_desc": {
    "type": 1,
    "axis": [
     0.0,
     1.0,
     0.0
    ],
    "rest_length": 0.0,
    "limit_min": [
     0.0,
     0.0,
     -0.0
    ],
    "limit_max": [
     0.0,
     0.0,
     -0.0
    ],
    "limit_axes": 0,
    "stiffness": 0.0,
    "angular_compliance": 0.0,
    "damping": 0.0,
    "yield_strength": 0.0,
    "break_strength": 0.0,
    "mass_scale": 10.0,
    "anchor_a": [
     2.6598623900886105e-16,
     3.8021044731140137,
     -0.06196010485291481
    ],
    "anchor_b": [
     2.6598623900886105e-16,
     3.8021044731140137,
     -0.06196010485291481
    ]
   }
  },
  {
   "name": "Bone.002",
   "parent": 1,
   "rest_local": [
    0.7804578542709351,
    0.010946384631097317,
    0.6251126527786255,
    0.0,
    0.028857694938778877,
    0.9981504678726196,
    -0.05350770801305771,
    0.0,
    -0.6245421767234802,
    0.05979982763528824,
    0.7786982655525208,
    0.0,
    -5.364199751056731e-09,
    7.275957614183426e-11,
    -3.9106390476226807,
    1.0
   ],
   "rest_world": [
    0.7514388561248779,
    -0.659801721572876,
    0.0011640070006251335,
    0.0,
    0.030371909961104393,
    0.036352355033159256,
    0.9988773465156555,
    0.0,
    -0.6591033935546875,
    -0.7505598068237305,
    0.04735598713159561,
    0.0,
    0.17650245130062103,
    2.5690464973449707,
    0.14275608956813812,
    1.0
   ],
   "tail_pos": [
    1.0388673543930054,
    3.551072120666504,
    0.08079594373703003
   ],
   "constraints": [],
   "collider": {
    "shape": "none",
    "params": [
     0.0,
     0.0,
     0.0,
     0.0,
     0.0,
     0.0
    ],
    "ccd": false,
    "kinematic": false,
    "mass": 0.0,
    "hull_offset": 0,
    "hull_count": 0,
    "collision_group": 0
   },
   "joint_desc": {
    "type": 1,
    "axis": [
     0.0,
     1.0,
     0.0
    ],
    "rest_length": 0.0,
    "limit_min": [
     0.0,
     0.0,
     -0.0
    ],
    "limit_max": [
     0.0,
     0.0,
     -0.0
    ],
    "limit_axes": 0,
    "stiffness": 0.0,
    "angular_compliance": 0.0,
    "damping": 0.0,
    "yield_strength": 0.0,
    "break_strength": 0.0,
    "mass_scale": 10.0,
    "anchor_a": [
     0.17650246620178223,
     7.708266735076904,
     -3.919696567322717e-08
    ],
    "anchor_b": [
     0.17650246620178223,
     7.708266735076904,
     -3.919696567322717e-08
    ]
   }
  },
  {
   "name": "Ear.R",
   "parent": 2,
   "rest_local": [
    0.8201816082000732,
    0.1739586442708969,
    0.5450146198272705,
    0.0,
    0.5201103687286377,
    0.1700865477323532,
    -0.8369921445846558,
    0.0,
    -0.238301619887352,
    0.9699531197547913,
    0.04902401939034462,
    0.0,
    -1.26696249935776e-07,
    0.0,
    -1.3083909749984741,
    1.0
   ],
   "rest_world": [
    0.2623788118362427,
    -0.943899393081665,
    0.20052772760391235,
    0.0,
    0.9476613402366638,
    0.29122599959373474,
    0.13086441159248352,
    0.0,
    -0.18192166090011597,
    0.15569642186164856,
    0.9709082841873169,
    0.0,
    1.0388672351837158,
    3.551072120666504,
    0.08079595118761063,
    1.0
   ],
   "tail_pos": [
    1.6542984247207642,
    3.024359703063965,
    -3.2037339210510254
   ],
   "constraints": [],
   "collider": {
    "shape": "none",
    "params": [
     0.0,
     0.0,
     0.0,
     0.0,
     0.0,
     0.0
    ],
    "ccd": false,
    "kinematic": false,
    "mass": 0.0,
    "hull_offset": 0,
    "hull_count": 0,
    "collision_group": 0
   },
   "joint_desc": {
    "type": 1,
    "axis": [
     0.0,
     1.0,
     0.0
    ],
    "rest_length": 0.0,
    "limit_min": [
     0.0,
     0.0,
     -0.0
    ],
    "limit_max": [
     0.0,
     0.0,
     -0.0
    ],
    "limit_axes": 0,
    "stiffness": 0.0,
    "angular_compliance": 0.0,
    "damping": 0.0,
    "yield_strength": 0.0,
    "break_strength": 0.0,
    "mass_scale": 10.0,
    "anchor_a": [
     1.0388673543930054,
     8.690292358398438,
     -0.06196017190814018
    ],
    "anchor_b": [
     1.0388673543930054,
     8.690292358398438,
     -0.06196017190814018
    ]
   }
  },
  {
   "name": "Ear.L",
   "parent": 2,
   "rest_local": [
    0.9789460897445679,
    -0.17279493808746338,
    0.10865791141986847,
    0.0,
    -0.14162778854370117,
    -0.19166521728038788,
    0.9711880683898926,
    0.0,
    -0.14699041843414307,
    -0.9661296606063843,
    -0.21210256218910217,
    0.0,
    -1.26696249935776e-07,
    0.0,
    -1.3083909749984741,
    1.0
   ],
   "rest_world": [
    0.6587532162666321,
    -0.7337460517883301,
    -0.16631583869457245,
    0.0,
    -0.75235915184021,
    -0.6424558758735657,
    -0.1456233263015747,
    0.0,
    -5.587935447692871e-09,
    0.22105908393859863,
    -0.9752603769302368,
    0.0,
    1.0388672351837158,
    3.551072120666504,
    0.08079595118761063,
    1.0
   ],
   "tail_pos": [
    1.0388673543930054,
    2.8488574028015137,
    3.1788012981414795
   ],
   "constraints": [],
   "collider": {
    "shape": "none",
    "params": [
     0.0,
     0.0,
     0.0,
     0.0,
     0.0,
     0.0
    ],
    "ccd": false,
    "kinematic": false,
    "mass": 0.0,
    "hull_offset": 0,
    "hull_count": 0,
    "collision_group": 0
   },
   "joint_desc": {
    "type": 1,
    "axis": [
     0.0,
     1.0,
     0.0
    ],
    "rest_length": 0.0,
    "limit_min": [
     0.0,
     0.0,
     -0.0
    ],
    "limit_max": [
     0.0,
     0.0,
     -0.0
    ],
    "limit_axes": 0,
    "stiffness": 0.0,
    "angular_compliance": 0.0,
    "damping": 0.0,
    "yield_strength": 0.0,
    "break_strength": 0.0,
    "mass_scale": 10.0,
    "anchor_a": [
     1.0388673543930054,
     8.690292358398438,
     -0.06196017190814018
    ],
    "anchor_b": [
     1.0388673543930054,
     8.690292358398438,
     -0.06196017190814018
    ]
   }
  },
  {
   "name": "Jaw",
   "parent": 1,
   "rest_local": [
    -0.42031949758529663,
    -0.011148274876177311,
    -0.9073079824447632,
    0.0,
    0.03781600669026375,
    0.9988406300544739,
    -0.029791565611958504,
    0.0,
    0.906588077545166,
    -0.04683271795511246,
    -0.4194102883338928,
    0.0,
    -5.364199751056731e-09,
    7.275957614183426e-11,
    -3.9106390476226807,
    1.0
   ],
   "rest_world": [
    -0.378930926322937,
    0.925419807434082,
    0.0031621046364307404,
    0.0,
    0.03825008496642113,
    0.012248046696186066,
    0.999193012714386,
    0.0,
    0.9246343374252319,
    0.37874582409858704,
    -0.04003851115703583,
    0.0,
    0.17650245130062103,
    2.5690464973449707,
    0.14275608956813812,
    1.0
   ],
   "tail_pos": [
    -3.455489158630371,
    1.0813212394714355,
    0.30002856254577637
   ],
   "constraints": [],
   "collider": {
    "shape": "none",
    "params": [
     0.0,
     0.0,
     0.0,
     0.0,
     0.0,
     0.0
    ],
    "ccd": false,
    "kinematic": false,
    "mass": 0.0,
    "hull_offset": 0,
    "hull_count": 0,
    "collision_group": 0
   },
   "joint_desc": {
    "type": 1,
    "axis": [
     0.0,
     1.0,
     0.0
    ],
    "rest_length": 0.0,
    "limit_min": [
     0.0,
     0.0,
     -0.0
    ],
    "limit_max": [
     0.0,
     0.0,
     -0.0
    ],
    "limit_axes": 0,
    "stiffness": 0.0,
    "angular_compliance": 0.0,
    "damping": 0.0,
    "yield_strength": 0.0,
    "break_strength": 0.0,
    "mass_scale": 10.0,
    "anchor_a": [
     0.17650246620178223,
     7.708266735076904,
     -3.919696567322717e-08
    ],
    "anchor_b": [
     0.17650246620178223,
     7.708266735076904,
     -3.919696567322717e-08
    ]
   }
  },
  {
   "name": "Bone.004",
   "parent": 1,
   "rest_local": [
    0.33964788913726807,
    -0.014955640770494938,
    -0.9404338002204895,
    0.0,
    0.00015796005027368665,
    0.9998745918273926,
    -0.015843870118260384,
    0.0,
    0.9405525922775269,
    0.005232787691056728,
    0.3396076560020447,
    0.0,
    -5.364199751056731e-09,
    7.275957614183426e-11,
    -3.9106390476226807,
    1.0
   ],
   "rest_world": [
    0.3817601203918457,
    0.9242614507675171,
    9.499490261077881e-08,
    0.0,
    1.210719347000122e-08,
    -7.636845111846924e-08,
    0.9999999403953552,
    0.0,
    0.9242613911628723,
    -0.3817601799964905,
    -5.168840289115906e-08,
    0.0,
    0.17650245130062103,
    2.5690464973449707,
    0.14275608956813812,
    1.0
   ],
   "tail_pos": [
    -1.4651930332183838,
    3.247138023376465,
    0.1427561640739441
   ],
   "constraints": [],
   "collider": {
    "shape": "none",
    "params": [
     0.0,
     0.0,
     0.0,
     0.0,
     0.0,
     0.0
    ],
    "ccd": false,
    "kinematic": false,
    "mass": 0.0,
    "hull_offset": 0,
    "hull_count": 0,
    "collision_group": 0
   },
   "joint_desc": {
    "type": 1,
    "axis": [
     0.0,
     1.0,
     0.0
    ],
    "rest_length": 0.0,
    "limit_min": [
     0.0,
     0.0,
     -0.0
    ],
    "limit_max": [
     0.0,
     0.0,
     -0.0
    ],
    "limit_axes": 0,
    "stiffness": 0.0,
    "angular_compliance": 0.0,
    "damping": 0.0,
    "yield_strength": 0.0,
    "break_strength": 0.0,
    "mass_scale": 10.0,
    "anchor_a": [
     0.17650246620178223,
     7.708266735076904,
     -3.919696567322717e-08
    ],
    "anchor_b": [
     0.17650246620178223,
     7.708266735076904,
     -3.919696567322717e-08
    ]
   }
  },
  {
   "name": "Bone.005",
   "parent": 6,
   "rest_local": [
    0.9988236427307129,
    6.245270611771048e-08,
    -0.0484902560710907,
    0.0,
    -6.246703776469076e-08,
    1.0,
    1.2196599286085075e-09,
    0.0,
    0.0484902560710907,
    1.8108066157651592e-09,
    0.9988236427307129,
    0.0,
    -5.018810611545632e-08,
    -8.407539553445531e-09,
    -1.77622389793396,
    1.0
   ],
   "rest_world": [
    0.3364933729171753,
    0.9416858553886414,
    1.5984223011855647e-07,
    0.0,
    -1.0612945189336642e-08,
    -1.3456994452099025e-07,
    0.9999999403953552,
    0.0,
    0.9416857957839966,
    -0.33649343252182007,
    -4.521045937622148e-08,
    0.0,
    -1.4651926755905151,
    3.247138023376465,
    0.14275617897510529,
    1.0
   ],
   "tail_pos": [
    -1.565070629119873,
    3.282827377319336,
    0.14275617897510529
   ],
   "constraints": [],
   "collider": {
    "shape": "none",
    "params": [
     0.0,
     0.0,
     0.0,
     0.0,
     0.0,
     0.0
    ],
    "ccd": false,
    "kinematic": false,
    "mass": 0.0,
    "hull_offset": 0,
    "hull_count": 0,
    "collision_group": 0
   },
   "joint_desc": {
    "type": 1,
    "axis": [
     0.0,
     1.0,
     0.0
    ],
    "rest_length": 0.0,
    "limit_min": [
     0.0,
     0.0,
     -0.0
    ],
    "limit_max": [
     0.0,
     0.0,
     -0.0
    ],
    "limit_axes": 0,
    "stiffness": 0.0,
    "angular_compliance": 0.0,
    "damping": 0.0,
    "yield_strength": 0.0,
    "break_strength": 0.0,
    "mass_scale": 10.0,
    "anchor_a": [
     -1.4651930332183838,
     8.386358261108398,
     5.191062157905435e-08
    ],
    "anchor_b": [
     -1.4651930332183838,
     8.386358261108398,
     5.191062157905435e-08
    ]
   }
  },
  {
   "name": "Mustache.R",
   "parent": 7,
   "rest_local": [
    0.8623303174972534,
    -0.19579292833805084,
    -0.46695974469184875,
    0.0,
    -0.47075918316841125,
    0.029615921899676323,
    -0.8817646503448486,
    0.0,
    0.18647275865077972,
    0.980198085308075,
    -0.0666324570775032,
    0.0,
    -2.1981833242534776e-07,
    -1.988997411217497e-08,
    -0.10606241971254349,
    1.0
   ],
   "rest_world": [
    -0.14956092834472656,
    0.9691731929779053,
    -0.19579273462295532,
    0.0,
    -0.9887526035308838,
    -0.14659926295280457,
    0.02961588278412819,
    0.0,
    -2.9522073674570493e-09,
    0.19802001118659973,
    0.9801980257034302,
    0.0,
    -1.5650702714920044,
    3.282827377319336,
    0.14275617897510529,
    1.0
   ],
   "tail_pos": [
    -1.565070629119873,
    2.8697595596313477,
    -1.9019273519515991
   ],
   "constraints": [],
   "collider": {
    "shape": "none",
    "params": [
     0.0,
     0.0,
     0.0,
     0.0,
     0.0,
     0.0
    ],
    "ccd": false,
    "kinematic": false,
    "mass": 0.0,
    "hull_offset": 0,
    "hull_count": 0,
    "collision_group": 0
   },
   "joint_desc": {
    "type": 1,
    "axis": [
     0.0,
     1.0,
     0.0
    ],
    "rest_length": 0.0,
    "limit_min": [
     0.0,
     0.0,
     -0.0
    ],
    "limit_max": [
     0.0,
     0.0,
     -0.0
    ],
    "limit_axes": 0,
    "stiffness": 0.0,
    "angular_compliance": 0.0,
    "damping": 0.0,
    "yield_strength": 0.0,
    "break_strength": 0.0,
    "mass_scale": 10.0,
    "anchor_a": [
     -1.565070629119873,
     8.42204761505127,
     5.670575831118185e-08
    ],
    "anchor_b": [
     -1.565070629119873,
     8.42204761505127,
     5.670575831118185e-08
    ]
   }
  },
  {
   "name": "Mustache.L",
   "parent": 6,
   "rest_local": [
    0.9342551827430725,
    0.260818749666214,
    -0.24318894743919373,
    0.0,
    0.2608185112476349,
    -0.03470271825790405,
    0.964763879776001,
    0.0,
    0.24318917095661163,
    -0.964763879776001,
    -0.10044768452644348,
    0.0,
    -5.018810611545632e-08,
    -8.407539553445531e-09,
    -1.77622389793396,
    1.0
   ],
   "rest_world": [
    0.13189122080802917,
    0.9563359022140503,
    0.26081880927085876,
    0.0,
    0.9912641048431396,
    -0.12724390625953674,
    -0.034702740609645844,
    0.0,
    -4.230001238170189e-09,
    0.26311737298965454,
    -0.9647637605667114,
    0.0,
    -1.4651926755905151,
    3.247138023376465,
    0.14275617897510529,
    1.0
   ],
   "tail_pos": [
    -1.4651930332183838,
    2.7514572143554688,
    1.9602525234222412
   ],
   "constraints": [],
   "collider": {
    "shape": "none",
    "params": [
     0.0,
     0.0,
     0.0,
     0.0,
     0.0,
     0.0
    ],
    "ccd": false,
    "kinematic": false,
    "mass": 0.0,
    "hull_offset": 0,
    "hull_count": 0,
    "collision_group": 0
   },
   "joint_desc": {
    "type": 1,
    "axis": [
     0.0,
     1.0,
     0.0
    ],
    "rest_length": 0.0,
    "limit_min": [
     0.0,
     0.0,
     -0.0
    ],
    "limit_max": [
     0.0,
     0.0,
     -0.0
    ],
    "limit_axes": 0,
    "stiffness": 0.0,
    "angular_compliance": 0.0,
    "damping": 0.0,
    "yield_strength": 0.0,
    "break_strength": 0.0,
    "mass_scale": 10.0,
    "anchor_a": [
     -1.4651930332183838,
     8.386358261108398,
     5.191062157905435e-08
    ],
    "anchor_b": [
     -1.4651930332183838,
     8.386358261108398,
     5.191062157905435e-08
    ]
   }
  },
  {
   "name": "Uarm.L",
   "parent": 0,
   "rest_local": [
    0.9931018352508545,
    -0.11134965717792511,
    -0.0367419496178627,
    0.0,
    0.02129608392715454,
    -0.1368541717529297,
    0.9903622269630432,
    0.0,
    -0.11530478298664093,
    -0.9843130707740784,
    -0.1335388720035553,
    0.0,
    1.1602952480316162,
    3.2908618450164795,
    -5.354740142822266,
    1.0
   ],
   "rest_world": [
    0.9931018352508545,
    0.03586437925696373,
    -0.11163564026355743,
    0.0,
    0.021296050399541855,
    -0.9914087057113647,
    -0.12905484437942505,
    0.0,
    -0.11530501395463943,
    0.12578722834587097,
    -0.9853335618972778,
    0.0,
    1.160296082496643,
    -1.2044801712036133,
    3.370715379714966,
    1.0
   ],
   "tail_pos": [
    1.3874831199645996,
    -1.4523205757141113,
    5.312131881713867
   ],
   "constraints": [],
   "collider": {
    "shape": "none",
    "params": [
     0.0,
     0.0,
     0.0,
     0.0,
     0.0,
     0.0
    ],
    "ccd": false,
    "kinematic": false,
    "mass": 0.0,
    "hull_offset": 0,
    "hull_count": 0,
    "collision_group": 0
   },
   "joint_desc": {
    "type": 1,
    "axis": [
     0.0,
     1.0,
     0.0
    ],
    "rest_length": 0.0,
    "limit_min": [
     0.0,
     0.0,
     -0.0
    ],
    "limit_max": [
     0.0,
     0.0,
     -0.0
    ],
    "limit_axes": 0,
    "stiffness": 0.0,
    "angular_compliance": 0.0,
    "damping": 0.0,
    "yield_strength": 0.0,
    "break_strength": 0.0,
    "mass_scale": 10.0,
    "anchor_a": [
     2.6598623900886105e-16,
     3.8021044731140137,
     -0.06196010485291481
    ],
    "anchor_b": [
     1.160296082496643,
     3.9347400665283203,
     3.227958917617798
    ]
   }
  },
  {
   "name": "Farm.L",
   "parent": 10,
   "rest_local": [
    0.9955207705497742,
    0.022294579073786736,
    -0.09187599271535873,
    0.0,
    -0.0360945388674736,
    0.9878134727478027,
    -0.15139950811862946,
    0.0,
    0.08738095313310623,
    0.15403759479522705,
    0.9841934442520142,
    0.0,
    3.725290298461914e-09,
    -2.9802322387695312e-08,
    -1.9703140258789062,
    1.0
   ],
   "rest_world": [
    0.9997220635414124,
    0.0020438693463802338,
    -0.023484330624341965,
    0.0,
    0.0026480983942747116,
    -0.9996654987335205,
    0.025726348161697388,
    0.0,
    -0.02342386730015278,
    -0.025781363248825073,
    -0.9993929862976074,
    0.0,
    1.3874832391738892,
    -1.4523205757141113,
    5.312131881713867,
    1.0
   ],
   "tail_pos": [
    1.4472324848175049,
    -1.3865578174591064,
    7.861371994018555
   ],
   "constraints": [],
   "collider": {
    "shape": "none",
    "params": [
     0.0,
     0.0,
     0.0,
     0.0,
     0.0,
     0.0
    ],
    "ccd": false,
    "kinematic": false,
    "mass": 0.0,
    "hull_offset": 0,
    "hull_count": 0,
    "collision_group": 0
   },
   "joint_desc": {
    "type": 1,
    "axis": [
     0.0,
     1.0,
     0.0
    ],
    "rest_length": 0.0,
    "limit_min": [
     0.0,
     0.0,
     -0.0
    ],
    "limit_max": [
     0.0,
     0.0,
     -0.0
    ],
    "limit_axes": 0,
    "stiffness": 0.0,
    "angular_compliance": 0.0,
    "damping": 0.0,
    "yield_strength": 0.0,
    "break_strength": 0.0,
    "mass_scale": 10.0,
    "anchor_a": [
     1.3874831199645996,
     3.6868996620178223,
     5.169375896453857
    ],
    "anchor_b": [
     1.3874831199645996,
     3.6868996620178223,
     5.169375896453857
    ]
   }
  },
  {
   "name": "Finger.0.L",
   "parent": 11,
   "rest_local": [
    0.9958781003952026,
    -0.009029362350702286,
    -0.09025201946496964,
    0.0,
    -0.0073175569996237755,
    0.9837910532951355,
    -0.1791694462299347,
    0.0,
    0.09040690213441849,
    0.17909130454063416,
    0.9796698093414307,
    0.0,
    -4.1211023926734924e-08,
    -1.3969838619232178e-09,
    -2.5507876873016357,
    1.0
   ],
   "rest_world": [
    0.9976913928985596,
    0.01338860671967268,
    0.06657740473747253,
    0.0,
    -0.0005135068204253912,
    -0.9788576364517212,
    0.2045418620109558,
    0.0,
    0.06790836900472641,
    -0.20410384237766266,
    -0.9765908718109131,
    0.0,
    1.4472326040267944,
    -1.3865578174591064,
    7.8613715171813965,
    1.0
   ],
   "tail_pos": [
    1.3530806303024292,
    -1.1035771369934082,
    9.215371131896973
   ],
   "constraints": [],
   "collider": {
    "shape": "none",
    "params": [
     0.0,
     0.0,
     0.0,
     0.0,
     0.0,
     0.0
    ],
    "ccd": false,
    "kinematic": false,
    "mass": 0.0,
    "hull_offset": 0,
    "hull_count": 0,
    "collision_group": 0
   },
   "joint_desc": {
    "type": 1,
    "axis": [
     0.0,
     1.0,
     0.0
    ],
    "rest_length": 0.0,
    "limit_min": [
     0.0,
     0.0,
     -0.0
    ],
    "limit_max": [
     0.0,
     0.0,
     -0.0
    ],
    "limit_axes": 0,
    "stiffness": 0.0,
    "angular_compliance": 0.0,
    "damping": 0.0,
    "yield_strength": 0.0,
    "break_strength": 0.0,
    "mass_scale": 10.0,
    "anchor_a": [
     1.4472324848175049,
     3.752662420272827,
     7.718616008758545
    ],
    "anchor_b": [
     1.4472324848175049,
     3.752662420272827,
     7.718616008758545
    ]
   }
  },
  {
   "name": "Finger.1.L",
   "parent": 12,
   "rest_local": [
    0.9808250665664673,
    0.07640805095434189,
    -0.1792874038219452,
    0.0,
    0.07640808075666428,
    0.6955297589302063,
    0.7144230604171753,
    0.0,
    0.1792873740196228,
    -0.7144230604171753,
    0.6763548851013184,
    0.0,
    -1.0151416063308716e-07,
    4.0425220504403114e-07,
    -1.386455774307251,
    1.0
   ],
   "rest_world": [
    0.9663463830947876,
    -0.025067470967769623,
    0.25601983070373535,
    0.0,
    0.12438981980085373,
    -0.8256180286407471,
    -0.5503469705581665,
    0.0,
    0.22517046332359314,
    0.5636721849441528,
    -0.7947148084640503,
    0.0,
    1.3530807495117188,
    -1.1035771369934082,
    9.215371131896973,
    1.0
   ],
   "tail_pos": [
    1.1593397855758667,
    -1.5885710716247559,
    9.899158477783203
   ],
   "constraints": [],
   "collider": {
    "shape": "none",
    "params": [
     0.0,
     0.0,
     0.0,
     0.0,
     0.0,
     0.0
    ],
    "ccd": false,
    "kinematic": false,
    "mass": 0.0,
    "hull_offset": 0,
    "hull_count": 0,
    "collision_group": 0
   },
   "joint_desc": {
    "type": 1,
    "axis": [
     0.0,
     1.0,
     0.0
    ],
    "rest_length": 0.0,
    "limit_min": [
     0.0,
     0.0,
     -0.0
    ],
    "limit_max": [
     0.0,
     0.0,
     -0.0
    ],
    "limit_axes": 0,
    "stiffness": 0.0,
    "angular_compliance": 0.0,
    "damping": 0.0,
    "yield_strength": 0.0,
    "break_strength": 0.0,
    "mass_scale": 10.0,
    "anchor_a": [
     1.3530806303024292,
     4.035643100738525,
     9.072614669799805
    ],
    "anchor_b": [
     1.3530806303024292,
     4.035643100738525,
     9.072614669799805
    ]
   }
  },
  {
   "name": "Finger.2.L",
   "parent": 11,
   "rest_local": [
    0.9263294339179993,
    -0.036954522132873535,
    0.37489739060401917,
    0.0,
    0.018805868923664093,
    0.9984723925590515,
    0.051954589784145355,
    0.0,
    -0.3762446343898773,
    -0.041076794266700745,
    0.9256093502044678,
    0.0,
    -4.1211023926734924e-08,
    -1.3969838619232178e-09,
    -2.5507876873016357,
    1.0
   ],
   "rest_world": [
    0.9171925783157349,
    0.029170092195272446,
    -0.3973747491836548,
    0.0,
    0.020227717235684395,
    -0.9994394183158875,
    -0.02667764574289322,
    0.0,
    -0.39793020486831665,
    0.01643059030175209,
    -0.9172683358192444,
    0.0,
    1.4472326040267944,
    -1.3865578174591064,
    7.8613715171813965,
    1.0
   ],
   "tail_pos": [
    2.0050227642059326,
    -1.4095890522003174,
    9.147133827209473
   ],
   "constraints": [],
   "collider": {
    "shape": "none",
    "params": [
     0.0,
     0.0,
     0.0,
     0.0,
     0.0,
     0.0
    ],
    "ccd": false,
    "kinematic": false,
    "mass": 0.0,
    "hull_offset": 0,
    "hull_count": 0,
    "collision_group": 0
   },
   "joint_desc": {
    "type": 1,
    "axis": [
     0.0,
     1.0,
     0.0
    ],
    "rest_length": 0.0,
    "limit_min": [
     0.0,
     0.0,
     -0.0
    ],
    "limit_max": [
     0.0,
     0.0,
     -0.0
    ],
    "limit_axes": 0,
    "stiffness": 0.0,
    "angular_compliance": 0.0,
    "damping": 0.0,
    "yield_strength": 0.0,
    "break_strength": 0.0,
    "mass_scale": 10.0,
    "anchor_a": [
     1.4472324848175049,
     3.752662420272827,
     7.718616008758545
    ],
    "anchor_b": [
     1.4472324848175049,
     3.752662420272827,
     7.718616008758545
    ]
   }
  },
  {
   "name": "Finger.3.L",
   "parent": 14,
   "rest_local": [
    0.9997568726539612,
    0.005440309643745422,
    -0.02136916294693947,
    0.0,
    0.005440142005681992,
    0.8782803416252136,
    0.478115051984787,
    0.0,
    0.02136917971074581,
    -0.478115051984787,
    0.87803715467453,
    0.0,
    -4.1350722312927246e-07,
    5.960464477539063e-08,
    -1.4017294645309448,
    1.0
   ],
   "rest_world": [
    0.9255830645561218,
    0.023374633863568306,
    -0.37782201170921326,
    0.0,
    -0.16750115156173706,
    -0.8697736263275146,
    -0.4641520380973816,
    0.0,
    -0.3394690155982971,
    0.49289706349372864,
    -0.8011322617530823,
    0.0,
    2.0050227642059326,
    -1.4095890522003174,
    9.147133827209473,
    1.0
   ],
   "tail_pos": [
    2.1930341720581055,
    -1.682574987411499,
    9.590832710266113
   ],
   "constraints": [],
   "collider": {
    "shape": "none",
    "params": [
     0.0,
     0.0,
     0.0,
     0.0,
     0.0,
     0.0
    ],
    "ccd": false,
    "kinematic": false,
    "mass": 0.0,
    "hull_offset": 0,
    "hull_count": 0,
    "collision_group": 0
   },
   "joint_desc": {
    "type": 1,
    "axis": [
     0.0,
     1.0,
     0.0
    ],
    "rest_length": 0.0,
    "limit_min": [
     0.0,
     0.0,
     -0.0
    ],
    "limit_max": [
     0.0,
     0.0,
     -0.0
    ],
    "limit_axes": 0,
    "stiffness": 0.0,
    "angular_compliance": 0.0,
    "damping": 0.0,
    "yield_strength": 0.0,
    "break_strength": 0.0,
    "mass_scale": 10.0,
    "anchor_a": [
     2.0050227642059326,
     3.729631185531616,
     9.004377365112305
    ],
    "anchor_b": [
     2.0050227642059326,
     3.729631185531616,
     9.004377365112305
    ]
   }
  },
  {
   "name": "Thumb.0.L",
   "parent": 11,
   "rest_local": [
    0.9219522476196289,
    0.03870544582605362,
    -0.3853646516799927,
    0.0,
    -0.00936964526772499,
    0.9969317317008972,
    0.07771424204111099,
    0.0,
    0.3871900737285614,
    -0.06803807616233826,
    0.9194861054420471,
    0.0,
    -4.1211023926734924e-08,
    -1.3969838619232178e-09,
    -2.5507876873016357,
    1.0
   ],
   "rest_world": [
    0.9308252334594727,
    -0.026872921735048294,
    0.3644750118255615,
    0.0,
    -0.008547436445951462,
    -0.9986209273338318,
    -0.05179961025714874,
    0.0,
    0.3653643727302551,
    0.04510107636451721,
    -0.9297711849212646,
    0.0,
    1.4472326040267944,
    -1.3865578174591064,
    7.8613715171813965,
    1.0
   ],
   "tail_pos": [
    1.0956288576126099,
    -1.4299602508544922,
    8.756125450134277
   ],
   "constraints": [],
   "collider": {
    "shape": "none",
    "params": [
     0.0,
     0.0,
     0.0,
     0.0,
     0.0,
     0.0
    ],
    "ccd": false,
    "kinematic": false,
    "mass": 0.0,
    "hull_offset": 0,
    "hull_count": 0,
    "collision_group": 0
   },
   "joint_desc": {
    "type": 1,
    "axis": [
     0.0,
     1.0,
     0.0
    ],
    "rest_length": 0.0,
    "limit_min": [
     0.0,
     0.0,
     -0.0
    ],
    "limit_max": [
     0.0,
     0.0,
     -0.0
    ],
    "limit_axes": 0,
    "stiffness": 0.0,
    "angular_compliance": 0.0,
    "damping": 0.0,
    "yield_strength": 0.0,
    "break_strength": 0.0,
    "mass_scale": 10.0,
    "anchor_a": [
     1.4472324848175049,
     3.752662420272827,
     7.718616008758545
    ],
    "anchor_b": [
     1.4472324848175049,
     3.752662420272827,
     7.718616008758545
    ]
   }
  },
  {
   "name": "Thumb.1.L",
   "parent": 16,
   "rest_local": [
    0.9779476523399353,
    0.0015605399385094643,
    -0.20884430408477783,
    0.0,
    0.0015606842935085297,
    0.9998895525932312,
    0.014779604971408844,
    0.0,
    0.20884425938129425,
    -0.014779621735215187,
    0.9778371453285217,
    0.0,
    5.364418029785156e-07,
    1.5273690223693848e-07,
    -0.9623374938964844,
    1.0
   ],
   "rest_world": [
    0.8339807391166687,
    -0.03725780174136162,
    0.5505340695381165,
    0.0,
    -0.0016938261687755585,
    -0.9978860020637512,
    -0.06496670842170715,
    0.0,
    0.551790714263916,
    0.05324849113821983,
    -0.832280695438385,
    0.0,
    1.0956289768218994,
    -1.4299602508544922,
    8.756125450134277,
    1.0
   ],
   "tail_pos": [
    0.6458734273910522,
    -1.4733622074127197,
    9.434503555297852
   ],
   "constraints": [],
   "collider": {
    "shape": "none",
    "params": [
     0.0,
     0.0,
     0.0,
     0.0,
     0.0,
     0.0
    ],
    "ccd": false,
    "kinematic": false,
    "mass": 0.0,
    "hull_offset": 0,
    "hull_count": 0,
    "collision_group": 0
   },
   "joint_desc": {
    "type": 1,
    "axis": [
     0.0,
     1.0,
     0.0
    ],
    "rest_length": 0.0,
    "limit_min": [
     0.0,
     0.0,
     -0.0
    ],
    "limit_max": [
     0.0,
     0.0,
     -0.0
    ],
    "limit_axes": 0,
    "stiffness": 0.0,
    "angular_compliance": 0.0,
    "damping": 0.0,
    "yield_strength": 0.0,
    "break_strength": 0.0,
    "mass_scale": 10.0,
    "anchor_a": [
     1.0956288576126099,
     3.7092599868774414,
     8.61336898803711
    ],
    "anchor_b": [
     1.0956288576126099,
     3.7092599868774414,
     8.61336898803711
    ]
   }
  },
  {
   "name": "Uarm.R",
   "parent": 0,
   "rest_local": [
    0.9983475804328918,
    0.05530038848519325,
    -0.015626201406121254,
    0.0,
    -0.008392010815441608,
    -0.12870703637599945,
    -0.9916471838951111,
    0.0,
    -0.05684967711567879,
    0.9901397228240967,
    -0.1280301958322525,
    0.0,
    1.1632579565048218,
    -3.234628915786743,
    -5.476799964904785,
    1.0
   ],
   "rest_world": [
    0.9983475804328918,
    0.016060983762145042,
    0.05517544224858284,
    0.0,
    -0.00839204154908657,
    0.9906033873558044,
    -0.13650824129581451,
    0.0,
    -0.056849442422389984,
    0.13581958413124084,
    0.9891012907028198,
    0.0,
    1.1632572412490845,
    -1.1337862014770508,
    -3.1555335521698,
    1.0
   ],
   "tail_pos": [
    1.290241003036499,
    -1.437164545059204,
    -5.3648762702941895
   ],
   "constraints": [],
   "collider": {
    "shape": "none",
    "params": [
     0.0,
     0.0,
     0.0,
     0.0,
     0.0,
     0.0
    ],
    "ccd": false,
    "kinematic": false,
    "mass": 0.0,
    "hull_offset": 0,
    "hull_count": 0,
    "collision_group": 0
   },
   "joint_desc": {
    "type": 1,
    "axis": [
     0.0,
     1.0,
     0.0
    ],
    "rest_length": 0.0,
    "limit_min": [
     0.0,
     0.0,
     -0.0
    ],
    "limit_max": [
     0.0,
     0.0,
     -0.0
    ],
    "limit_axes": 0,
    "stiffness": 0.0,
    "angular_compliance": 0.0,
    "damping": 0.0,
    "yield_strength": 0.0,
    "break_strength": 0.0,
    "mass_scale": 10.0,
    "anchor_a": [
     2.6598623900886105e-16,
     3.8021044731140137,
     -0.06196010485291481
    ],
    "anchor_b": [
     1.1632572412490845,
     4.005434036254883,
     -3.2982897758483887
    ]
   }
  },
  {
   "name": "Farm.R",
   "parent": 18,
   "rest_local": [
    0.9994351267814636,
    -0.01835489645600319,
    0.028155775740742683,
    0.0,
    0.013248785398900509,
    0.9850322604179382,
    0.1718605011701584,
    0.0,
    -0.030888831242918968,
    -0.1713903695344925,
    0.984718918800354,
    0.0,
    5.4016709327697754e-08,
    1.5273690223693848e-07,
    -2.23368763923645,
    1.0
   ],
   "rest_world": [
    0.9963369369506836,
    0.0016935933381319046,
    0.08549877256155014,
    0.0,
    -0.004809712991118431,
    0.9993310570716858,
    0.036253422498703,
    0.0,
    -0.0853801891207695,
    -0.03653186559677124,
    0.9956786036491394,
    0.0,
    1.2902411222457886,
    -1.437164545059204,
    -5.3648762702941895,
    1.0
   ],
   "tail_pos": [
    1.5174975395202637,
    -1.3399276733398438,
    -8.015074729919434
   ],
   "constraints": [],
   "collider": {
    "shape": "none",
    "params": [
     0.0,
     0.0,
     0.0,
     0.0,
     0.0,
     0.0
    ],
    "ccd": false,
    "kinematic": false,
    "mass": 0.0,
    "hull_offset": 0,
    "hull_count": 0,
    "collision_group": 0
   },
   "joint_desc": {
    "type": 1,
    "axis": [
     0.0,
     1.0,
     0.0
    ],
    "rest_length": 0.0,
    "limit_min": [
     0.0,
     0.0,
     -0.0
    ],
    "limit_max": [
     0.0,
     0.0,
     -0.0
    ],
    "limit_axes": 0,
    "stiffness": 0.0,
    "angular_compliance": 0.0,
    "damping": 0.0,
    "yield_strength": 0.0,
    "break_strength": 0.0,
    "mass_scale": 10.0,
    "anchor_a": [
     1.290241003036499,
     3.7020556926727295,
     -5.507632255554199
    ],
    "anchor_b": [
     1.290241003036499,
     3.7020556926727295,
     -5.507632255554199
    ]
   }
  },
  {
   "name": "Finger.0.R",
   "parent": 19,
   "rest_local": [
    0.979775071144104,
    -0.04837270453572273,
    -0.1941671073436737,
    0.0,
    -0.03157290443778038,
    0.9208148717880249,
    -0.3887200951576233,
    0.0,
    0.19759540259838104,
    0.38698863983154297,
    0.9006641507148743,
    0.0,
    -3.841705620288849e-08,
    -6.51925802230835e-08,
    -2.6617002487182617,
    1.0
   ],
   "rest_world": [
    0.9929968118667603,
    -0.03958772122859955,
    -0.111312136054039,
    0.0,
    -0.0026971129700541496,
    0.934346079826355,
    -0.35635703802108765,
    0.0,
    0.11811141669750214,
    0.35416150093078613,
    0.9276958703994751,
    0.0,
    1.5174976587295532,
    -1.3399276733398438,
    -8.015074729919434,
    1.0
   ],
   "tail_pos": [
    1.3875668048858643,
    -1.729529857635498,
    -9.035604476928711
   ],
   "constraints": [],
   "collider": {
    "shape": "none",
    "params": [
     0.0,
     0.0,
     0.0,
     0.0,
     0.0,
     0.0
    ],
    "ccd": false,
    "kinematic": false,
    "mass": 0.0,
    "hull_offset": 0,
    "hull_count": 0,
    "collision_group": 0
   },
   "joint_desc": {
    "type": 1,
    "axis": [
     0.0,
     1.0,
     0.0
    ],
    "rest_length": 0.0,
    "limit_min": [
     0.0,
     0.0,
     -0.0
    ],
    "limit_max": [
     0.0,
     0.0,
     -0.0
    ],
    "limit_axes": 0,
    "stiffness": 0.0,
    "angular_compliance": 0.0,
    "damping": 0.0,
    "yield_strength": 0.0,
    "break_strength": 0.0,
    "mass_scale": 10.0,
    "anchor_a": [
     1.5174975395202637,
     3.79929256439209,
     -8.157831192016602
    ],
    "anchor_b": [
     1.5174975395202637,
     3.79929256439209,
     -8.157831192016602
    ]
   }
  },
  {
   "name": "Bone.018",
   "parent": 20,
   "rest_local": [
    0.8983647227287292,
    -0.38027065992355347,
    0.21985262632369995,
    0.0,
    0.10890616476535797,
    0.677719235420227,
    0.7272111773490906,
    0.0,
    -0.4255354404449463,
    -0.6293574571609497,
    0.6502529382705688,
    0.0,
    4.0978193283081055e-07,
    2.752058207988739e-07,
    -1.1000689268112183,
    1.0
   ],
   "rest_world": [
    0.9190660119056702,
    -0.313005268573761,
    0.23946961760520935,
    0.0,
    0.19220753014087677,
    0.8864631652832031,
    0.42099815607070923,
    0.0,
    -0.3440555930137634,
    -0.3408971428871155,
    0.8748801350593567,
    0.0,
    1.3875669240951538,
    -1.729529857635498,
    -9.035604476928711,
    1.0
   ],
   "tail_pos": [
    1.5126351118087769,
    -1.605609655380249,
    -9.353633880615234
   ],
   "constraints": [],
   "collider": {
    "shape": "none",
    "params": [
     0.0,
     0.0,
     0.0,
     0.0,
     0.0,
     0.0
    ],
    "ccd": false,
    "kinematic": false,
    "mass": 0.0,
    "hull_offset": 0,
    "hull_count": 0,
    "collision_group": 0
   },
   "joint_desc": {
    "type": 1,
    "axis": [
     0.0,
     1.0,
     0.0
    ],
    "rest_length": 0.0,
    "limit_min": [
     0.0,
     0.0,
     -0.0
    ],
    "limit_max": [
     0.0,
     0.0,
     -0.0
    ],
    "limit_axes": 0,
    "stiffness": 0.0,
    "angular_compliance": 0.0,
    "damping": 0.0,
    "yield_strength": 0.0,
    "break_strength": 0.0,
    "mass_scale": 10.0,
    "anchor_a": [
     1.3875668048858643,
     3.4096903800964355,
     -9.178360939025879
    ],
    "anchor_b": [
     1.3875668048858643,
     3.4096903800964355,
     -9.178360939025879
    ]
   }
  },
  {
   "name": "Finger.1.R",
   "parent": 20,
   "rest_local": [
    0.9150899648666382,
    -0.07279075682163239,
    0.3966256082057953,
    0.0,
    -0.07279051095247269,
    0.9375989437103271,
    0.34001439809799194,
    0.0,
    -0.39662566781044006,
    -0.3400142788887024,
    0.8526887893676758,
    0.0,
    4.0978193283081055e-07,
    2.752058207988739e-07,
    -1.1000689268112183,
    1.0
   ],
   "rest_world": [
    0.955723762512207,
    0.03623144328594208,
    0.2920268177986145,
    0.0,
    -0.03464997187256813,
    0.9993435144424438,
    -0.010587573051452637,
    0.0,
    -0.2922186553478241,
    2.9802322387695312e-08,
    0.9563515782356262,
    0.0,
    1.3875669240951538,
    -1.729529857635498,
    -9.035604476928711,
    1.0
   ],
   "tail_pos": [
    1.660191297531128,
    -1.729529857635498,
    -9.92782974243164
   ],
   "constraints": [],
   "collider": {
    "shape": "none",
    "params": [
     0.0,
     0.0,
     0.0,
     0.0,
     0.0,
     0.0
    ],
    "ccd": false,
    "kinematic": false,
    "mass": 0.0,
    "hull_offset": 0,
    "hull_count": 0,
    "collision_group": 0
   },
   "joint_desc": {
    "type": 1,
    "axis": [
     0.0,
     1.0,
     0.0
    ],
    "rest_length": 0.0,
    "limit_min": [
     0.0,
     0.0,
     -0.0
    ],
    "limit_max": [
     0.0,
     0.0,
     -0.0
    ],
    "limit_axes": 0,
    "stiffness": 0.0,
    "angular_compliance": 0.0,
    "damping": 0.0,
    "yield_strength": 0.0,
    "break_strength": 0.0,
    "mass_scale": 10.0,
    "anchor_a": [
     1.3875668048858643,
     3.4096903800964355,
     -9.178360939025879
    ],
    "anchor_b": [
     1.3875668048858643,
     3.4096903800964355,
     -9.178360939025879
    ]
   }
  },
  {
   "name": "Finger.2.R",
   "parent": 19,
   "rest_local": [
    0.845894992351532,
    0.08743853867053986,
    0.5261330604553223,
    0.0,
    0.08603926748037338,
    0.9511780738830566,
    -0.2964076101779938,
    0.0,
    -0.5263636708259583,
    0.2959977984428406,
