{
 "version": 5,
 "joints": [
  {
   "name": "Abdomen",
   "parent": -1,
   "rest_local": [
    0.7665136456489563,
    0.09120014309883118,
    -0.6357194781303406,
    0.0,
    -0.633256196975708,
    0.27220767736434937,
    -0.7244926691055298,
    0.0,
    0.10697393119335175,
    0.9579069018363953,
    0.26640400290489197,
    0.0,
    -0.01633600890636444,
    0.9697542190551758,
    -0.06874830275774002,
    1.0
   ],
   "rest_world": [
    0.7665136456489563,
    0.09120014309883118,
    -0.6357194781303406,
    0.0,
    -0.633256196975708,
    0.27220767736434937,
    -0.7244926691055298,
    0.0,
    0.10697393119335175,
    0.9579069018363953,
    0.26640400290489197,
    0.0,
    -0.01633600890636444,
    0.9697542190551758,
    -0.06874830275774002,
    1.0
   ],
   "tail_pos": [
    -0.024302050471305847,
    0.8984216451644897,
    -0.08858664333820343
   ],
   "constraints": [],
   "collider": {
    "shape": "box",
    "params": [
     0.15000000596046448,
     0.10000000149011612,
     0.10000000149011612,
     0.0,
     0.0,
     0.0
    ],
    "ccd": false,
    "kinematic": false,
    "mass": 3.0,
    "hull_offset": 0,
    "hull_count": 0,
    "collision_group": 7
   },
   "joint_desc": {
    "type": 0,
    "axis": [
     0.0,
     1.0,
     0.0
    ],
    "rest_length": 0.0,
    "limit_min": [
     0.0,
     0.0,
     0.0
    ],
    "limit_max": [
     0.0,
     0.0,
     0.0
    ],
    "limit_axes": 0,
    "stiffness": 100000.0,
    "angular_compliance": 9.999999747378752e-05,
    "damping": 0.20000000298023224,
    "yield_strength": 0.0,
    "break_strength": 0.0,
    "mass_scale": 1.0299999713897705
   }
  },
  {
   "name": "Ribcage",
   "parent": 0,
   "rest_local": [
    0.767532467842102,
    -0.6317426562309265,
    0.10860493034124374,
    0.0,
    -0.5900979042053223,
    -0.6301836371421814,
    0.5046314001083374,
    0.0,
    -0.2503560483455658,
    -0.4514085650444031,
    -0.8564766049385071,
    0.0,
    1.1175870895385742e-08,
    4.0978193283081055e-08,
    -0.07446706295013428,
    1.0
   ],
   "rest_world": [
    0.9999969005584717,
    0.0020672976970672607,
    -0.0013096630573272705,
    0.0,
    0.0007320046424865723,
    0.25803202390670776,
    0.9661359190940857,
    0.0,
    0.0023352503776550293,
    -0.966134250164032,
    0.258029580116272,
    0.0,
    -0.024302050471305847,
    0.8984216451644897,
    -0.08858664333820343,
    1.0
   ],
   "tail_pos": [
    -0.025123367086052895,
    1.2382214069366455,
    -0.17933841049671173
   ],
   "constraints": [],
   "collider": {
    "shape": "box",
    "params": [
     0.15000000596046448,
     0.20000000298023224,
     0.10000000149011612,
     0.0,
     0.0,
     0.0
    ],
    "ccd": false,
    "kinematic": false,
    "mass": 4.0,
    "hull_offset": 0,
    "hull_count": 0,
    "collision_group": 7
   },
   "joint_desc": {
    "type": 1,
    "axis": [
     0.0,
     1.0,
     0.0
    ],
    "rest_length": 0.0,
    "limit_min": [
     -0.5235987901687622,
     -0.5235987901687622,
     -0.5235987901687622
    ],
    "limit_max": [
     0.5235987901687622,
     0.5235987901687622,
     0.5235987901687622
    ],
    "limit_axes": 7,
    "stiffness": 100000.0,
    "angular_compliance": 9.999999747378752e-05,
    "damping": 0.20000000298023224,
    "yield_strength": 0.0,
    "break_strength": 0.0,
    "mass_scale": 1.0299999713897705,
    "anchor_a": [
     -0.024302050471305847,
     0.8984216451644897,
     -0.08858664333820343
    ],
    "anchor_b": [
     -0.024302050471305847,
     0.8984216451644897,
     -0.08858664333820343
    ]
   }
  },
  {
   "name": "Neck",
   "parent": 1,
   "rest_local": [
    0.9543919563293457,
    0.2500353753566742,
    0.16315090656280518,
    0.0,
    -0.29761824011802673,
    0.8400601148605347,
    0.45356616377830505,
    0.0,
    -0.023648984730243683,
    -0.4814366102218628,
    0.8761618137359619,
    0.0,
    -2.3865140974521637e-09,
    3.036984708160162e-08,
    -0.3517106771469116,
    1.0
   ],
   "rest_world": [
    0.9549530744552612,
    -0.09113553911447525,
    0.2824159860610962,
    0.0,
    -0.2959432005882263,
    -0.22205866873264313,
    0.9290355443954468,
    0.0,
    -0.02195526845753193,
    -0.9707648754119873,
    -0.23902656137943268,
    0.0,
    -0.025123383849859238,
    1.2382214069366455,
    -0.17933839559555054,
    1.0
   ],
   "tail_pos": [
    -0.020567335188388824,
    1.439668893814087,
    -0.1297370046377182
   ],
   "constraints": [],
   "collider": {
    "shape": "point",
    "params": [
     0.0,
     0.0,
     0.0,
     0.0,
     0.0,
     0.0
    ],
    "ccd": false,
    "kinematic": false,
    "mass": 2.0,
    "hull_offset": 0,
    "hull_count": 0,
    "collision_group": 7
   },
   "joint_desc": {
    "type": 1,
    "axis": [
     0.0,
     1.0,
     0.0
    ],
    "rest_length": 0.0,
    "limit_min": [
     -0.3490658402442932,
     -0.3490658402442932,
     -0.3490658402442932
    ],
    "limit_max": [
     0.3490658402442932,
     0.3490658402442932,
     0.3490658402442932
    ],
    "limit_axes": 7,
    "stiffness": 100000.0,
    "angular_compliance": 9.999999747378752e-05,
    "damping": 0.20000000298023224,
    "yield_strength": 0.0,
    "break_strength": 0.0,
    "mass_scale": 1.0299999713897705,
    "anchor_a": [
     -0.025123367086052895,
     1.2382214069366455,
     -0.17933841049671173
    ],
    "anchor_b": [
     -0.025123367086052895,
     1.2382214069366455,
     -0.17933841049671173
    ]
   }
  },
  {
   "name": "Head",
   "parent": 2,
   "rest_local": [
    0.9549531936645508,
    -0.2959432601928711,
    -0.02195524051785469,
    0.0,
    0.24610085785388947,
    0.8311166167259216,
    -0.4986778795719147,
    0.0,
    0.16582773625850677,
    0.4708108603954315,
    0.8665093183517456,
    0.0,
    1.862645149230957e-09,
    -1.862645149230957e-09,
    -0.2075142115354538,
    1.0
   ],
   "rest_world": [
    0.9999999403953552,
    -2.2351741790771484e-08,
    8.940696716308594e-08,
    0.0,
    1.1920928955078125e-07,
    0.27711382508277893,
    0.9608368873596191,
    0.0,
    0.0,
    -0.9608372449874878,
    0.277113676071167,
    0.0,
    -0.020567353814840317,
    1.439668893814087,
    -0.129736989736557,
    1.0
   ],
   "tail_pos": [
    -0.020567335188388824,
    1.5671502351760864,
    -0.16650371253490448
   ],
   "constraints": [],
   "collider": {
    "shape": "capsule",
    "params": [
     0.07999999821186066,
     0.07999999821186066,
     1.0,
     0.0,
     0.0,
     0.0
    ],
    "ccd": false,
    "kinematic": false,
    "mass": 1.5,
    "hull_offset": 0,
    "hull_count": 0,
    "collision_group": 6
   },
   "joint_desc": {
    "type": 1,
    "axis": [
     0.0,
     1.0,
     0.0
    ],
    "rest_length": 0.0,
    "limit_min": [
     -0.3490658402442932,
     -0.3490658402442932,
     -0.3490658402442932
    ],
    "limit_max": [
     0.3490658402442932,
     0.3490658402442932,
     0.3490658402442932
    ],
    "limit_axes": 7,
    "stiffness": 100000.0,
    "angular_compliance": 9.999999747378752e-05,
    "damping": 0.20000000298023224,
    "yield_strength": 0.0,
    "break_strength": 0.0,
    "mass_scale": 1.0,
    "anchor_a": [
     -0.020567335188388824,
     1.439668893814087,
     -0.1297370046377182
    ],
    "anchor_b": [
     -0.020567335188388824,
     1.439668893814087,
     -0.1297370046377182
    ]
   }
  },
  {
   "name": "Clav.R",
   "parent": 1,
   "rest_local": [
    0.12279094010591507,
    0.6341285109519958,
    -0.7634157538414001,
    0.0,
    0.009605832397937775,
    0.7684413194656372,
    0.6398481726646423,
    0.0,
    0.9923860430717468,
    -0.08590080589056015,
    0.08826631307601929,
    0.0,
    -2.3865140974521637e-09,
    3.036984708160162e-08,
    -0.3517106771469116,
    1.0
   ],
   "rest_world": [
    0.12147198617458344,
    0.9014413952827454,
    0.4155097007751465,
    0.0,
    0.01166251115500927,
    -0.41987693309783936,
    0.907505989074707,
    0.0,
    0.9925262928009033,
    -0.10539071261882782,
    -0.06151622533798218,
    0.0,
    -0.025123383849859238,
    1.2382214069366455,
    -0.17933839559555054,
    1.0
   ],
   "tail_pos": [
    -0.22560419142246246,
    1.2595093250274658,
    -0.1669127196073532
   ],
   "constraints": [],
   "collider": {
    "shape": "capsule",
    "params": [
     0.07999999821186066,
     0.10000000149011612,
     1.0,
     0.0,
     0.0,
     0.0
    ],
    "ccd": false,
    "kinematic": false,
    "mass": 3.0,
    "hull_offset": 0,
    "hull_count": 0,
    "collision_group": 7
   },
   "joint_desc": {
    "type": 2,
    "axis": [
     0,
     0,
     -1
    ],
    "rest_length": 0.0,
    "limit_min": [
     -0.1745329201221466,
     0.0,
     0.0
    ],
    "limit_max": [
     0.8726646304130554,
     0.0,
     0.0
    ],
    "limit_axes": 1,
    "stiffness": 100000.0,
    "angular_compliance": 9.999999747378752e-05,
    "damping": 0.20000000298023224,
    "yield_strength": 0.0,
    "break_strength": 0.0,
    "mass_scale": 1.0299999713897705,
    "drive_flags": 3,
    "drive_compliance": 1.0,
    "anchor_a": [
     -0.025123367086052895,
     1.2382214069366455,
     -0.17933841049671173
    ],
    "anchor_b": [
     -0.025123367086052895,
     1.2382214069366455,
     -0.17933841049671173
    ]
   }
  },
  {
   "name": "UArm.R",
   "parent": 4,
   "rest_local": [
    -0.4675754904747009,
    -0.8687147498130798,
    -0.16342496871948242,
    0.0,
    0.8151679039001465,
    -0.4952598810195923,
    0.3003651797771454,
    0.0,
    -0.341869592666626,
    0.007224577479064465,
    0.9397196769714355,
    0.0,
    1.5832483768463135e-07,
    9.313225746154785e-09,
    -0.20199045538902283,
    1.0
   ],
   "rest_world": [
    -0.2291322946548462,
    -0.039515137672424316,
    -0.9725927114486694,
    0.0,
    0.3913643956184387,
    0.9111185073852539,
    -0.12921851873397827,
    0.0,
    0.8912531733512878,
    -0.41024652123451233,
    -0.19330176711082458,
    0.0,
    -0.22560422122478485,
    1.2595093250274658,
    -0.16691270470619202,
    1.0
   ],
   "tail_pos": [
    -0.39934277534484863,
    1.3394817113876343,
    -0.12923097610473633
   ],
   "constraints": [],
   "collider": {
    "shape": "capsule",
    "params": [
     0.05000000074505806,
     0.20000000298023224,
     1.0,
     0.0,
     0.0,
     0.0
    ],
    "ccd": false,
    "kinematic": false,
    "mass": 2.0999999046325684,
    "hull_offset": 0,
    "hull_count": 0,
    "collision_group": 7
   },
   "joint_desc": {
    "type": 1,
    "axis": [
     0.0,
     1.0,
     0.0
    ],
    "rest_length": 0.0,
    "limit_min": [
     -2.7925267219543457,
     -1.0471975803375244,
     -3.3161256313323975
    ],
    "limit_max": [
     1.3089969158172607,
     2.7925267219543457,
     2.7925267219543457
    ],
    "limit_axes": 0,
    "stiffness": 100000.0,
    "angular_compliance": 9.999999747378752e-05,
    "damping": 0.20000000298023224,
    "yield_strength": 0.0,
    "break_strength": 0.0,
    "mass_scale": 1.0299999713897705,
    "anchor_a": [
     -0.22560419142246246,
     1.2595093250274658,
     -0.1669127196073532
    ],
    "anchor_b": [
     -0.22560419142246246,
     1.2595093250274658,
     -0.1669127196073532
    ]
   }
  },
  {
   "name": "FArm.R",
   "parent": 5,
   "rest_local": [
    -0.07367517054080963,
    0.9749109745025635,
    -0.21004857122898102,
    0.0,
    -0.9939433932304382,
    -0.08900202065706253,
    -0.06446174532175064,
    0.0,
    -0.08153919875621796,
    0.2040272057056427,
    0.9755635857582092,
    0.0,
    -3.725290298461914e-09,
    -6.146728992462158e-08,
    -0.1949373185634613,
    1.0
   ],
   "rest_world": [
    0.21122033894062042,
    0.9773424863815308,
    -0.013717859983444214,
    0.0,
    0.13546057045459747,
    -0.015370361506938934,
    0.9906634092330933,
    0.0,
    0.9680064916610718,
    -0.21110662817955017,
    -0.13563783466815948,
    0.0,
    -0.399342805147171,
    1.3394817113876343,
    -0.12923096120357513,
    1.0
   ],
   "tail_pos": [
    -0.6127059459686279,
    1.3860127925872803,
    -0.09933436661958694
   ],
   "constraints": [],
   "collider": {
    "shape": "capsule",
    "params": [
     0.05000000074505806,
     0.10000000149011612,
     1.0,
     0.0,
     0.0,
     0.0
    ],
    "ccd": false,
    "kinematic": false,
    "mass": 1.5,
    "hull_offset": 0,
    "hull_count": 0,
    "collision_group": 4
   },
   "joint_desc": {
    "type": 2,
    "axis": [
     0,
     1,
     0
    ],
    "rest_length": 0.0,
    "limit_min": [
     -0.03490658476948738,
     0.0,
     0.0
    ],
    "limit_max": [
     2.879793167114258,
     0.0,
     0.0
    ],
    "limit_axes": 1,
    "stiffness": 100000.0,
    "angular_compliance": 9.999999747378752e-05,
    "damping": 0.20000000298023224,
    "yield_strength": 0.0,
    "break_strength": 0.0,
    "mass_scale": 1.0299999713897705,
    "anchor_a": [
     -0.39934277534484863,
     1.3394817113876343,
     -0.12923097610473633
    ],
    "anchor_b": [
     -0.39934277534484863,
     1.3394817113876343,
     -0.12923097610473633
    ]
   }
  },
  {
   "name": "Hand.R",
   "parent": 6,
   "rest_local": [
    0.9333761930465698,
    -0.038807131350040436,
    -0.3567951023578644,
    0.0,
    0.09156682342290878,
    0.9869861006736755,
    0.13218849897384644,
    0.0,
    0.3470219671726227,
    -0.15605220198631287,
    0.9247828722000122,
    0.0,
    2.414453774690628e-07,
    -2.2351741790771484e-08,
    -0.22041504085063934,
    1.0
   ],
   "rest_world": [
    -0.15348878502845764,
    0.9881465435028076,
    -0.002853814512491226,
    0.0,
    0.2809978127479553,
    0.04641594737768173,
    0.958585262298584,
    0.0,
    0.9473550915718079,
    0.1463301181793213,
    -0.28479117155075073,
    0.0,
    -0.6127060055732727,
    1.3860127925872803,
    -0.09933434426784515,
    1.0
   ],
   "tail_pos": [
    -0.8108568787574768,
    1.3554060459136963,
    -0.03976679593324661
   ],
   "constraints": [],
   "collider": {
    "shape": "convex_hull",
    "params": [
     0.0,
     0.0,
     0.0,
     0.0,
     0.0,
     0.0
    ],
    "ccd": true,
    "kinematic": false,
    "mass": 1.399999976158142,
    "hull_offset": 0,
    "hull_count": 26,
    "collision_group": 4
   },
   "joint_desc": {
    "type": 2,
    "axis": [
     1,
     0,
     0
    ],
    "rest_length": 0.0,
    "limit_min": [
     -0.6981316804885864,
     0.0,
     0.0
    ],
    "limit_max": [
     0.6981316804885864,
     0.0,
     0.0
    ],
    "limit_axes": 1,
    "stiffness": 100000.0,
    "angular_compliance": 9.999999747378752e-05,
    "damping": 0.20000000298023224,
    "yield_strength": 0.0,
    "break_strength": 0.0,
    "mass_scale": 1.0299999713897705,
    "anchor_a": [
     -0.6127059459686279,
     1.3860127925872803,
     -0.09933436661958694
    ],
    "anchor_b": [
     -0.6127059459686279,
     1.3860127925872803,
     -0.09933436661958694
    ]
   }
  },
  {
   "name": "Clav.L",
   "parent": 1,
   "rest_local": [
    0.19544507563114166,
    -0.5133213400840759,
    0.8356448411941528,
    0.0,
    0.0477907620370388,
    0.8560503125190735,
    0.514678418636322,
    0.0,
    -0.9795495271682739,
    -0.060655269771814346,
    0.19184288382530212,
    0.0,
    -2.3865140974521637e-09,
    3.036984708160162e-08,
    -0.3517106771469116,
    1.0
   ],
   "rest_world": [
    0.19702017307281494,
    -0.9393944144248962,
    -0.2805730700492859,
    0.0,
    0.0496191531419754,
    -0.27626127004623413,
    0.9598006010055542,
    0.0,
    -0.9791429042816162,
    -0.20302200317382812,
    -0.007817216217517853,
    0.0,
    -0.025123383849859238,
    1.2382214069366455,
    -0.17933839559555054,
    1.0
   ],
   "tail_pos": [
    0.1518002152442932,
    1.2749059200286865,
    -0.17792589962482452
   ],
   "constraints": [],
   "collider": {
    "shape": "capsule",
    "params": [
     0.07999999821186066,
     0.10000000149011612,
     1.0,
     0.0,
     0.0,
     0.0
    ],
    "ccd": false,
    "kinematic": false,
    "mass": 3.0,
    "hull_offset": 0,
    "hull_count": 0,
    "collision_group": 7
   },
   "joint_desc": {
    "type": 2,
    "axis": [
     0,
     0,
     -1
    ],
    "rest_length": 0.0,
    "limit_min": [
     -0.1745329201221466,
     0.0,
     0.0
    ],
    "limit_max": [
     0.8726646304130554,
     0.0,
     0.0
    ],
    "limit_axes": 1,
    "stiffness": 100000.0,
    "angular_compliance": 9.999999747378752e-05,
    "damping": 0.20000000298023224,
    "yield_strength": 0.0,
    "break_strength": 0.0,
    "mass_scale": 1.0299999713897705,
    "drive_flags": 3,
    "drive_compliance": 1.0,
    "anchor_a": [
     -0.025123367086052895,
     1.2382214069366455,
     -0.17933841049671173
    ],
    "anchor_b": [
     -0.025123367086052895,
     1.2382214069366455,
     -0.17933841049671173
    ]
   }
  },
  {
   "name": "UArm.L",
   "parent": 8,
   "rest_local": [
    0.9480195045471191,
    0.23893950879573822,
    -0.2101590484380722,
    0.0,
    -0.25751399993896484,
    0.9640475511550903,
    -0.06556559354066849,
    0.0,
    0.1869371235370636,
    0.11627635359764099,
    0.9754661321640015,
    0.0,
    8.009374141693115e-08,
    -2.421438694000244e-08,
    -0.18069230020046234,
    1.0
   ],
   "rest_world": [
    0.4044106900691986,
    -0.9139070510864258,
    -0.03501157462596893,
    0.0,
    0.06129784882068634,
    -0.011110514402389526,
    0.99805748462677,
    0.0,
    -0.9125208258628845,
    -0.4057714343070984,
    0.051527172327041626,
    0.0,
    0.1518002152442932,
    1.2749059200286865,
    -0.17792588472366333,
    1.0
   ],
   "tail_pos": [
    0.2981278896331787,
    1.3399735689163208,
    -0.18618856370449066
   ],
   "constraints": [],
   "collider": {
    "shape": "capsule",
    "params": [
     0.05000000074505806,
     0.20000000298023224,
     1.0,
     0.0,
     0.0,
     0.0
    ],
    "ccd": false,
    "kinematic": false,
    "mass": 2.0999999046325684,
    "hull_offset": 0,
    "hull_count": 0,
    "collision_group": 7
   },
   "joint_desc": {
    "type": 1,
    "axis": [
     0.0,
     1.0,
     0.0
    ],
    "rest_length": 0.0,
    "limit_min": [
     -2.7925267219543457,
     -1.0471975803375244,
     -3.3161256313323975
    ],
    "limit_max": [
     1.3089969158172607,
     2.7925267219543457,
     2.7925267219543457
    ],
    "limit_axes": 0,
    "stiffness": 100000.0,
    "angular_compliance": 9.999999747378752e-05,
    "damping": 0.20000000298023224,
    "yield_strength": 0.0,
    "break_strength": 0.0,
    "mass_scale": 1.0299999713897705,
    "anchor_a": [
     0.1518002152442932,
     1.2749059200286865,
     -0.17792589962482452
    ],
    "anchor_b": [
     0.1518002152442932,
     1.2749059200286865,
     -0.17792589962482452
    ]
   }
  },
  {
   "name": "FArm.L",
   "parent": 9,
   "rest_local": [
    0.9763478636741638,
    0.026418885216116905,
    0.21458549797534943,
    0.0,
    -0.02627498283982277,
    0.9996485710144043,
    -0.0035234163515269756,
    0.0,
    -0.21460315585136414,
    -0.0021981557365506887,
    0.9766988754272461,
    0.0,
    -6.984919309616089e-08,
    -2.60770320892334e-08,
    -0.16035543382167816,
    1.0
   ],
   "rest_world": [
    0.20065122842788696,
    -0.9796574115753174,
    0.003241073340177536,
    0.0,
    0.05386561155319214,
    0.014335986226797104,
    0.9984450936317444,
    0.0,
    -0.9781806468963623,
    -0.20016475021839142,
    0.05564624071121216,
    0.0,
    0.2981278896331787,
    1.3399735689163208,
    -0.18618854880332947,
    1.0
   ],
   "tail_pos": [
    0.4957541823387146,
    1.3804137706756592,
    -0.1974310278892517
   ],
   "constraints": [],
   "collider": {
    "shape": "capsule",
    "params": [
     0.05000000074505806,
     0.10000000149011612,
     1.0,
     0.0,
     0.0,
     0.0
    ],
    "ccd": false,
    "kinematic": false,
    "mass": 1.5,
    "hull_offset": 0,
    "hull_count": 0,
    "collision_group": 5
   },
   "joint_desc": {
    "type": 2,
    "axis": [
     0,
     1,
     0
    ],
    "rest_length": 0.0,
    "limit_min": [
     -0.03490658476948738,
     0.0,
     0.0
    ],
    "limit_max": [
     2.879793167114258,
     0.0,
     0.0
    ],
    "limit_axes": 1,
    "stiffness": 100000.0,
    "angular_compliance": 9.999999747378752e-05,
    "damping": 0.20000000298023224,
    "yield_strength": 0.0,
    "break_strength": 0.0,
    "mass_scale": 1.0299999713897705,
    "anchor_a": [
     0.2981278896331787,
     1.3399735689163208,
     -0.18618856370449066
    ],
    "anchor_b": [
     0.2981278896331787,
     1.3399735689163208,
     -0.18618856370449066
    ]
   }
  },
  {
   "name": "Hand.L",
   "parent": 10,
   "rest_local": [
    0.9856429696083069,
    -0.09148935228586197,
    0.1419074833393097,
    0.0,
    0.07931871712207794,
    0.9928520917892456,
    0.08918099105358124,
    0.0,
    -0.14905227720737457,
    -0.07664468139410019,
    0.9858545064926147,
    0.0,
    1.9383151084184647e-08,
    -1.4901161193847656e-08,
    -0.202034592628479,
    1.0
   ],
   "rest_world": [
    0.05403117462992668,
    -0.9953088760375977,
    -0.08025593310594559,
    0.0,
    -0.017839130014181137,
    -0.0813225507736206,
    0.996527910232544,
    0.0,
    -0.9983797669410706,
    -0.05241192504763603,
    -0.022149503231048584,
    0.0,
    0.4957541823387146,
    1.3804137706756592,
    -0.19743101298809052,
    1.0
   ],
   "tail_pos": [
    0.6988780498504639,
    1.3910771608352661,
    -0.1929246336221695
   ],
   "constraints": [],
   "collider": {
    "shape": "convex_hull",
    "params": [
     0.0,
     0.0,
     0.0,
     0.0,
     0.0,
     0.0
    ],
    "ccd": true,
    "kinematic": false,
    "mass": 1.399999976158142,
    "hull_offset": 26,
    "hull_count": 24,
    "collision_group": 5
   },
   "joint_desc": {
    "type": 2,
    "axis": [
     1,
     0,
     0
    ],
    "rest_length": 0.0,
    "limit_min": [
     -0.6981316804885864,
     0.0,
     0.0
    ],
    "limit_max": [
     0.6981316804885864,
     0.0,
     0.0
    ],
    "limit_axes": 1,
    "stiffness": 100000.0,
    "angular_compliance": 9.999999747378752e-05,
    "damping": 0.20000000298023224,
    "yield_strength": 0.0,
    "break_strength": 0.0,
    "mass_scale": 1.0299999713897705,
    "anchor_a": [
     0.4957541823387146,
     1.3804137706756592,
     -0.1974310278892517
    ],
    "anchor_b": [
     0.4957541823387146,
     1.3804137706756592,
     -0.1974310278892517
    ]
   }
  },
  {
   "name": "Thigh.R",
   "parent": 0,
   "rest_local": [
    0.6080958843231201,
    0.7335426211357117,
    -0.30353718996047974,
    0.0,
    -0.579674482345581,
    0.6715284585952759,
    0.46154847741127014,
    0.0,
    0.5423993468284607,
    -0.10471285134553909,
    0.8335695266723633,
    0.0,
    1.1175870895385742e-08,
    4.0978193283081055e-08,
    -0.07446706295013428,
    1.0
   ],
   "rest_world": [
    -0.03087717294692993,
    -0.03562602400779724,
    -0.9988880753517151,
    0.0,
    -0.8202042579650879,
    0.5720492601394653,
    0.004951268434524536,
    0.0,
    0.5712367296218872,
    0.8194452524185181,
    -0.04688383638858795,
    0.0,
    -0.024302050471305847,
    0.8984216451644897,
    -0.08858664333820343,
    1.0
   ],
   "tail_pos": [
    -0.3440527319908142,
    0.43973588943481445,
    -0.062343351542949677
   ],
   "constraints": [],
   "collider": {
    "shape": "capsule",
    "params": [
     0.0860000029206276,
     0.15000000596046448,
     1.0,
     0.0,
     0.0,
     0.0
    ],
    "ccd": false,
    "kinematic": false,
    "mass": 3.0,
    "hull_offset": 0,
    "hull_count": 0,
    "collision_group": 7
   },
   "joint_desc": {
    "type": 1,
    "axis": [
     0.0,
     1.0,
     0.0
    ],
    "rest_length": 0.0,
    "limit_min": [
     -0.6981316804885864,
     -0.3490658402442932,
     -0.5235987901687622
    ],
    "limit_max": [
     0.6981316804885864,
     2.268928050994873,
     0.5235987901687622
    ],
    "limit_axes": 0,
    "stiffness": 100000.0,
    "angular_compliance": 9.999999747378752e-05,
    "damping": 0.20000000298023224,
    "yield_strength": 0.0,
    "break_strength": 0.0,
    "mass_scale": 1.0299999713897705,
    "anchor_a": [
     -0.024302050471305847,
     0.8984216451644897,
     -0.08858664333820343
    ],
    "anchor_b": [
     -0.024302050471305847,
     0.8984216451644897,
     -0.08858664333820343
    ]
   }
  },
  {
   "name": "Calf.R",
   "parent": 12,
   "rest_local": [
    0.9885279536247253,
    0.014856861904263496,
    0.1503048539161682,
    0.0,
    -0.0035474495962262154,
    0.9971596598625183,
    -0.07523320615291595,
    0.0,
    -0.1509956419467926,
    0.07383693754673004,
    0.9857730269432068,
    0.0,
    -9.313225746154785e-09,
    1.437729224562645e-08,
    -0.559751570224762,
    1.0
   ],
   "rest_world": [
    0.043151043355464935,
    0.0964481309056282,
    -0.9944021105766296,
    0.0,
    -0.8607410192489624,
    0.5089013576507568,
    0.012007929384708405,
    0.0,
    0.5072107315063477,
    0.8554047346115112,
    0.10497651249170303,
    0.0,
    -0.34405267238616943,
    0.43973591923713684,
    -0.06234334409236908,
    1.0
   ],
   "tail_pos": [
    -0.5907986164093018,
    0.023601945489645004,
    -0.11341191828250885
   ],
   "constraints": [],
   "collider": {
    "shape": "capsule",
    "params": [
     0.07699999958276749,
     0.1899999976158142,
     1.0,
     0.0,
     0.0,
     0.0
    ],
    "ccd": false,
    "kinematic": false,
    "mass": 3.5,
    "hull_offset": 0,
    "hull_count": 0,
    "collision_group": 2
   },
   "joint_desc": {
    "type": 2,
    "axis": [
     1,
     0,
     0
    ],
    "rest_length": 0.0,
    "limit_min": [
     -0.1745329201221466,
     0.0,
     0.0
    ],
    "limit_max": [
     1.3089969158172607,
     0.0,
     0.0
    ],
    "limit_axes": 1,
    "stiffness": 100000.0,
    "angular_compliance": 9.999999747378752e-05,
    "damping": 0.20000000298023224,
    "yield_strength": 0.0,
    "break_strength": 0.0,
    "mass_scale": 1.0299999713897705,
    "anchor_a": [
     -0.3440527319908142,
     0.43973588943481445,
     -0.062343351542949677
    ],
    "anchor_b": [
     -0.3440527319908142,
     0.43973588943481445,
     -0.062343351542949677
    ]
   }
  },
  {
   "name": "Foot.R",
   "parent": 13,
   "rest_local": [
    -0.1783272624015808,
    -0.40774020552635193,
    -0.8955151438713074,
    0.0,
    -0.4590628743171692,
    0.8394609093666077,
    -0.2908032238483429,
    0.0,
    0.8703222870826721,
    0.35923969745635986,
    -0.33687713742256165,
    0.0,
    2.561137080192566e-09,
    3.247987478971481e-08,
    -0.4864760637283325,
    1.0
   ],
   "rest_world": [
    -0.11095115542411804,
    -0.9907267689704895,
    0.078424833714962,
    0.0,
    -0.8898659944534302,
    0.13417258858680725,
    0.4360457956790924,
    0.0,
    -0.4425247013568878,
    -0.021407783031463623,
    -0.8965007662773132,
    0.0,
    -0.590798556804657,
    0.02360197901725769,
    -0.11341190338134766,
    1.0
   ],
   "tail_pos": [
    -0.49429938197135925,
    0.028270233422517776,
    0.08208367973566055
   ],
   "constraints": [],
   "collider": {
    "shape": "convex_hull",
    "params": [
     0.0,
     0.0,
     0.0,
     0.0,
     0.0,
     0.0
    ],
    "ccd": true,
    "kinematic": false,
    "mass": 2.0,
    "hull_offset": 50,
    "hull_count": 23,
    "collision_group": 2
   },
   "joint_desc": {
    "type": 2,
    "axis": [
     0,
     1,
     0
    ],
    "rest_length": 0.0,
    "limit_min": [
     -1.0471975803375244,
     0.0,
     0.0
    ],
    "limit_max": [
     0.5235987901687622,
     0.0,
     0.0
    ],
    "limit_axes": 1,
    "stiffness": 100000.0,
    "angular_compliance": 9.999999747378752e-05,
    "damping": 0.20000000298023224,
    "yield_strength": 0.0,
    "break_strength": 0.0,
    "mass_scale": 1.0299999713897705,
    "anchor_a": [
     -0.5907986164093018,
     0.023601945489645004,
     -0.11341191828250885
    ],
    "anchor_b": [
     -0.5907986164093018,
     0.023601945489645004,
     -0.11341191828250885
    ]
   }
  },
  {
   "name": "Thigh.L",
   "parent": 0,
   "rest_local": [
    -0.6449955701828003,
    -0.7479307055473328,
    0.156782329082489,
    0.0,
    0.6427874565124512,
    -0.4200349450111389,
    0.6406210064888,
    0.0,
    -0.4132862389087677,
    0.5139755010604858,
    0.7516812086105347,
    0.0,
    1.1175870895385742e-08,
    4.0978193283081055e-08,
    -0.07446706295013428,
    1.0
   ],
   "rest_world": [
    -0.0039945244789123535,
    -0.11223330348730087,
    0.9936739206314087,
    0.0,
    0.8272247314453125,
    0.5579408407211304,
    0.06634373962879181,
    0.0,
    -0.5618573427200317,
    0.8222569227218628,
    0.09061357378959656,
    0.0,
    -0.024302050471305847,
    0.8984216451644897,
    -0.08858664333820343,
    1.0
   ],
   "tail_pos": [
    0.3003665506839752,
    0.4232814610004425,
    -0.14094758033752441
   ],
   "constraints": [],
   "collider": {
    "shape": "capsule",
    "params": [
     0.0860000029206276,
     0.1599999964237213,
     1.0,
     0.0,
     0.0,
     0.0
    ],
    "ccd": false,
    "kinematic": false,
    "mass": 3.0,
    "hull_offset": 0,
    "hull_count": 0,
    "collision_group": 7
   },
   "joint_desc": {
    "type": 1,
    "axis": [
     0.0,
     1.0,
     0.0
    ],
    "rest_length": 0.0,
    "limit_min": [
     -0.6981316804885864,
     -0.3490658402442932,
     -0.5235987901687622
    ],
    "limit_max": [
     0.6981316804885864,
     2.268928050994873,
     0.5235987901687622
    ],
    "limit_axes": 0,
    "stiffness": 100000.0,
    "angular_compliance": 9.999999747378752e-05,
    "damping": 0.20000000298023224,
    "yield_strength": 0.0,
    "break_strength": 0.0,
    "mass_scale": 1.0299999713897705,
    "anchor_a": [
     -0.024302050471305847,
     0.8984216451644897,
     -0.08858664333820343
    ],
    "anchor_b": [
     -0.024302050471305847,
     0.8984216451644897,
     -0.08858664333820343
    ]
   }
  },
  {
   "name": "Calf.L",
   "parent": 15,
   "rest_local": [
    0.9947690367698669,
    0.006273619830608368,
    -0.10195698589086533,
    0.0,
    -0.01648152992129326,
    0.9948922991752625,
    -0.09958865493535995,
    0.0,
    0.1008114218711853,
    0.10074802488088608,
    0.9897914528846741,
    0.0,
    -1.618172973394394e-08,
    -9.313225746154785e-10,
    -0.5778489708900452,
    1.0
   ],
   "rest_world": [
    0.05850132927298546,
    -0.1919807493686676,
    0.9796535968780518,
    0.0,
    0.8790198564529419,
    0.4750533401966095,
    0.04060352221131325,
    0.0,
    -0.47318294644355774,
    0.858759880065918,
    0.19654622673988342,
    0.0,
    0.3003666400909424,
    0.42328134179115295,
    -0.1409476101398468,
    1.0
   ],
   "tail_pos": [
    0.5179595947265625,
    0.02838096022605896,
    -0.2313293069601059
   ],
   "constraints": [],
   "collider": {
    "shape": "capsule",
    "params": [
     0.07599999755620956,
     0.20000000298023224,
     1.0,
     0.0,
     0.0,
     0.0
    ],
    "ccd": false,
    "kinematic": false,
    "mass": 3.5,
    "hull_offset": 0,
    "hull_count": 0,
    "collision_group": 1
   },
   "joint_desc": {
    "type": 2,
    "axis": [
     1,
     0,
     0
    ],
    "rest_length": 0.0,
    "limit_min": [
     -0.1745329201221466,
     0.0,
     0.0
    ],
    "limit_max": [
     1.3089969158172607,
     0.0,
     0.0
    ],
    "limit_axes": 1,
    "stiffness": 100000.0,
    "angular_compliance": 9.999999747378752e-05,
    "damping": 0.20000000298023224,
    "yield_strength": 0.0,
    "break_strength": 0.0,
    "mass_scale": 1.0299999713897705,
    "anchor_a": [
     0.3003665506839752,
     0.4232814610004425,
     -0.14094758033752441
    ],
    "anchor_b": [
     0.3003665506839752,
     0.4232814610004425,
     -0.14094758033752441
    ]
   }
  },
  {
   "name": "Foot.L",
   "parent": 16,
   "rest_local": [
    -0.11083836108446121,
    -0.551806628704071,
    0.8265738487243652,
    0.0,
    -0.15157188475131989,
    0.831354558467865,
    0.5346733331680298,
    0.0,
    -0.9822123050689697,
    -0.06602299213409424,
    -0.1757844239473343,
    0.0,
    1.0244548320770264e-08,
    9.313225746154785e-10,
    -0.4598498046398163,
    1.0
   ],
   "rest_world": [
    -0.8826537132263184,
    0.4689696431159973,
    0.03147147223353386,
    0.0,
    0.46891164779663086,
    0.8831925988197327,
    -0.009643979370594025,
    0.0,
    -0.03231804817914963,
    0.00624479353427887,
    -0.9994582533836365,
    0.0,
    0.517959713935852,
    0.02838084101676941,
    -0.23132933676242828,
    1.0
   ],
   "tail_pos": [
    0.5248941779136658,
    0.027040995657444,
    -0.016872473061084747
   ],
   "constraints": [],
   "collider": {
    "shape": "convex_hull",
    "params": [
     0.0,
     0.0,
     0.0,
     0.0,
     0.0,
     0.0
    ],
    "ccd": true,
    "kinematic": false,
    "mass": 2.0,
    "hull_offset": 73,
    "hull_count": 24,
    "collision_group": 1
   },
   "joint_desc": {
    "type": 2,
    "axis": [
     0,
     1,
     0
    ],
    "rest_length": 0.0,
    "limit_min": [
     -1.0471975803375244,
     0.0,
     0.0
    ],
    "limit_max": [
     0.5235987901687622,
     0.0,
     0.0
    ],
    "limit_axes": 1,
    "stiffness": 100000.0,
    "angular_compliance": 9.999999747378752e-05,
    "damping": 0.20000000298023224,
    "yield_strength": 0.0,
    "break_strength": 0.0,
    "mass_scale": 1.0299999713897705,
    "anchor_a": [
     0.5179595947265625,
     0.02838096022605896,
     -0.2313293069601059
    ],
    "anchor_b": [
     0.5179595947265625,
     0.02838096022605896,
     -0.2313293069601059
    ]
   }
  }
 ],
 "ibms": [
  [
   0.7665137648582458,
   -0.633256196975708,
   0.10697388648986816,
   0.0,
   0.09120016545057297,
   0.27220773696899414,
   0.9579067826271057,
   0.0,
   -0.6357195973396301,
   -0.7244926691055298,
   0.2664039731025696,
   0.0,
   -0.12046432495117188,
   -0.3552940785884857,
   -0.907499372959137,
   1.0
  ],
  [
   0.999997079372406,
   0.0007318864809349179,
   0.0023352261632680893,
   0.0,
   0.002067290712147951,
   0.2580319046974182,
   -0.9661340713500977,
   0.0,
   -0.0013097843620926142,
   0.9661362767219543,
   0.2580297589302063,
   0.0,
   0.04152270406484604,
   -0.12538786232471466,
   0.9040142893791199,
   1.0
  ],
  [
   0.9549532532691956,
   -0.29594337940216064,
   -0.02195524238049984,
   0.0,
   -0.09113553166389465,
   -0.22205868363380432,
   -0.9707646369934082,
   0.0,
   0.2824159562587738,
   0.9290360808372498,
   -0.23902660608291626,
   0.0,
   0.21315018832683563,
   0.4518631398677826,
   1.1596026420593262,
   1.0
  ],
  [
   1.0000001192092896,
   -7.971158311192994e-08,
   -4.6252292662529726e-08,
   0.0,
   -3.3034531554676505e-08,
   0.2771137058734894,
   -0.9608370065689087,
   0.0,
   -1.1454074666517045e-07,
   0.9608373641967773,
   0.2771138548851013,
   0.0,
   0.03980723023414612,
   -0.25374355912208557,
   1.4327075481414795,
   1.0
  ],
  [
   0.12147194147109985,
   0.011662408709526062,
   0.9925264120101929,
   0.0,
   0.9014410376548767,
   -0.4198767840862274,
   -0.10539066791534424,
   0.0,
   0.41550979018211365,
   0.9075062870979309,
   -0.061516355723142624,
   0.0,
   -1.0330533981323242,
   0.7075188159942627,
   0.16281567513942719,
   1.0
  ],
  [
   -0.22913223505020142,
   0.3913643956184387,
   0.8912531733512878,
   0.0,
   -0.03951498493552208,
   0.9111179113388062,
   -0.41024622321128845,
   0.0,
   -0.9725930690765381,
   -0.1292187124490738,
   -0.19330182671546936,
   0.0,
   -0.19122019410133362,
   -1.0829421281814575,
   0.7010964155197144,
   1.0
  ],
  [
   0.21122033894062042,
   0.1354605108499527,
   0.9680062532424927,
   0.0,
   0.977341890335083,
   -0.015370486304163933,
   -0.21110641956329346,
   0.0,
   -0.013718009926378727,
   0.9906635284423828,
   -0.13563784956932068,
   0.0,
   -1.229894757270813,
   0.2286861687898636,
   0.6687800884246826,
   1.0
  ],
  [
   -0.15348871052265167,
   0.28099775314331055,
   0.9473549127578735,
   0.0,
   0.9881460666656494,
   0.046415816992521286,
   0.14633013308048248,
   0.0,
   -0.002853940473869443,
   0.9585854411125183,
   -0.2847912907600403,
   0.0,
   -1.4740899801254272,
   0.23063388466835022,
   0.35982492566108704,
   1.0
  ],
  [
   0.1970202773809433,
   0.04961906746029854,
   -0.9791430234909058,
   0.0,
   -0.9393942952156067,
   -0.2762613296508789,
   -0.20302192866802216,
   0.0,
   -0.2805730998516083,
   0.9598010182380676,
   -0.007817091420292854,
   0.0,
   1.1218198537826538,
   0.5409407615661621,
   0.20783375203609467,
   1.0
  ],
  [
   0.40441086888313293,
   0.061297763139009476,
   -0.9125210642814636,
   0.0,
   -0.9139070510864258,
   -0.011110654100775719,
   -0.405771404504776,
   0.0,
   -0.03501150384545326,
   0.9980579018592834,
   0.051527343690395355,
   0.0,
   1.1111071109771729,
   0.20713432133197784,
   0.6516024470329285,
   1.0
  ],
  [
   0.20065131783485413,
   0.05386551842093468,
   -0.9781809449195862,
   0.0,
   -0.9796573519706726,
   0.014335846528410912,
   -0.20016470551490784,
   0.0,
   0.0032411878928542137,
   0.9984455108642578,
   0.055646397173404694,
   0.0,
   1.2645336389541626,
   0.17500635981559753,
   0.5541359782218933,
   1.0
  ],
  [
   0.054031215608119965,
   -0.017839236184954643,
   -0.9983800053596497,
   0.0,
   -0.9953087568283081,
   -0.08132269233465195,
   -0.052411895245313644,
   0.0,
   -0.08025583624839783,
   0.9965285062789917,
   -0.022149406373500824,
   0.0,
   1.337673544883728,
   0.3414926826953888,
   0.5435792207717896,
   1.0
  ],
  [
   -0.030877159908413887,
   -0.8202044367790222,
   0.5712368488311768,
   0.0,
   -0.03562598302960396,
   0.5720492601394653,
   0.8194451928138733,
   0.0,
   -0.9988880753517151,
   0.004951259586960077,
   -0.04688388481736183,
   0.0,
   -0.08102089911699295,
   -0.5532447099685669,
   -0.7225261926651001,
   1.0
  ],
  [
   0.04315105453133583,
   -0.8607411980628967,
   0.5072107911109924,
   0.0,
   0.09644815325737,
   0.5089012980461121,
   0.8554046750068665,
   0.0,
   -0.994402289390564,
   0.012007923796772957,
   0.10497650504112244,
   0.0,
   -0.1127767339348793,
   -0.5391398668289185,
   -0.18907496333122253,
   1.0
  ],
  [
   -0.11095106601715088,
   -0.8898662328720093,
   -0.4425247311592102,
   0.0,
   -0.9907266497612,
   0.1341727375984192,
   -0.021407807245850563,
   0.0,
   0.07842475175857544,
   0.43604588508605957,
   -0.8965007662773132,
   0.0,
   -0.026387030258774757,
   -0.4873005151748657,
   -0.3920201361179352,
   1.0
  ],
  [
   -0.003994581755250692,
   0.8272246718406677,
   -0.5618569254875183,
   0.0,
   -0.11223343759775162,
   0.557940661907196,
   0.8222561478614807,
   0.0,
   0.9936738014221191,
   0.06634359806776047,
   0.09061340242624283,
   0.0,
   0.2128296047449112,
   -0.4618549048900604,
   -0.7590001821517944,
   1.0
  ],
  [
   0.0585012286901474,
   0.8790197372436523,
   -0.4731825292110443,
   0.0,
   -0.19198080897331238,
   0.4750532805919647,
   0.8587590456008911,
   0.0,
   0.9796534776687622,
   0.0406033992767334,
   0.1965460181236267,
   0.0,
   0.22728848457336426,
   -0.4449630677700043,
   -0.20437726378440857,
   1.0
  ],
  [
   -0.8826534152030945,
   0.4689118564128876,
   -0.03231808543205261,
   0.0,
   0.4689690172672272,
   0.8831921219825745,
   0.006245042197406292,
   0.0,
   0.03147129714488983,
   -0.009644187986850739,
   -0.9994579553604126,
   0.0,
   0.4315081834793091,
   -0.267778217792511,
   -0.23877573013305664,
   1.0
  ]
 ],
 "hull_vertices": [
  -0.02413973957300186,
  0.02676337957382202,
  0.11405687034130096,
  -0.011673662811517715,
  0.023345008492469788,
  0.12302808463573456,
  -0.020425841212272644,
  0.018855400383472443,
  0.12156613171100616,
  -0.0023630685172975063,
  0.019037969410419464,
  0.1250552535057068,
  -0.0017112549394369125,
  0.008992575109004974,
  0.12807756662368774,
