{
 "version": 5,
 "joints": [
  {
   "name": "Root",
   "parent": -1,
   "rest_local": [
    1.0,
    0.0,
    0.0,
    0.0,
    0.0,
    0.0,
    1.0,
    0.0,
    0.0,
    -1.0,
    0.0,
    0.0,
    0.0,
    0.0,
    0.0,
    1.0
   ],
   "rest_world": [
    1.0,
    0.0,
    0.0,
    0.0,
    0.0,
    0.0,
    1.0,
    0.0,
    0.0,
    -1.0,
    0.0,
    0.0,
    0.0,
    0.0,
    0.0,
    1.0
   ],
   "tail_pos": [
    0.0,
    0.10000000149011612,
    -0.0
   ],
   "constraints": [],
   "collider": {
    "shape": "none",
    "params": [
     0.0,
     0.0,
     0.0,
     0.0,
     0.0,
     0.0
    ],
    "ccd": false,
    "kinematic": false,
    "mass": 8.0,
    "hull_offset": 0,
    "hull_count": 0,
    "collision_group": 7
   },
   "joint_desc": {
    "type": 0,
    "axis": [
     0.0,
     1.0,
     0.0
    ],
    "rest_length": 0.0,
    "limit_min": [
     0.0,
     0.0,
     0.0
    ],
    "limit_max": [
     0.0,
     0.0,
     0.0
    ],
    "limit_axes": 0,
    "stiffness": 0.0,
    "damping": 0.0,
    "yield_strength": 0.0,
    "break_strength": 0.0
   }
  },
  {
   "name": "Abdomen",
   "parent": 0,
   "rest_local": [
    0.9994124174118042,
    -0.0041540320962667465,
    -0.03402133658528328,
    0.0,
    0.010232034139335155,
    0.983523964881897,
    0.18048767745494843,
    0.0,
    0.032711051404476166,
    -0.18072974681854248,
    0.982988715171814,
    0.0,
    -0.017587468028068542,
    -0.14309406280517578,
    -0.7423604726791382,
    1.0
   ],
   "rest_world": [
    0.9994124174118042,
    0.03402133658528328,
    -0.0041540320962667465,
    0.0,
    0.010232034139335155,
    -0.18048767745494843,
    0.983523964881897,
    0.0,
    0.032711051404476166,
    -0.982988715171814,
    -0.18072974681854248,
    0.0,
    -0.017587468028068542,
    0.7423604726791382,
    -0.14309406280517578,
    1.0
   ],
   "tail_pos": [
    -0.025537751615047455,
    0.9812717437744141,
    -0.09916845709085464
   ],
   "constraints": [],
   "collider": {
    "shape": "box",
    "params": [
     0.15000000596046448,
     0.10000000149011612,
     0.10000000149011612,
     0.0,
     0.0,
     0.0
    ],
    "ccd": false,
    "kinematic": false,
    "mass": 8.0,
    "hull_offset": 0,
    "hull_count": 0,
    "collision_group": 7
   },
   "joint_desc": {
    "type": 0,
    "axis": [
     0.0,
     1.0,
     0.0
    ],
    "rest_length": 0.0,
    "limit_min": [
     0.0,
     0.0,
     0.0
    ],
    "limit_max": [
     0.0,
     0.0,
     0.0
    ],
    "limit_axes": 0,
    "stiffness": 0.0,
    "damping": 0.0,
    "yield_strength": 0.0,
    "break_strength": 0.0
   }
  },
  {
   "name": "Ribcage",
   "parent": 1,
   "rest_local": [
    0.9995887875556946,
    -0.02183523401618004,
    -0.01858767867088318,
    0.0,
    0.011042279191315174,
    0.8913242220878601,
    -0.4532318711280823,
    0.0,
    0.026464078575372696,
    0.45284026861190796,
    0.8911986947059631,
    0.0,
    4.540197551250458e-09,
    3.338209353387356e-08,
    -0.24304570257663727,
    1.0
   ],
   "rest_world": [
    0.9981700778007507,
    0.05621982365846634,
    -0.022268451750278473,
    0.0,
    0.005330159328877926,
    0.2850244641304016,
    0.9585053324699402,
    0.0,
    0.06023406237363815,
    -0.9568700790405273,
    0.2842032015323639,
    0.0,
    -0.025537751615047455,
    0.9812717437744141,
    -0.09916845709085464,
    1.0
   ],
   "tail_pos": [
    -0.04252897948026657,
    1.2511920928955078,
    -0.17933841049671173
   ],
   "constraints": [],
   "collider": {
    "shape": "box",
    "params": [
     0.15000000596046448,
     0.20000000298023224,
     0.10000000149011612,
     0.0,
     0.0,
     0.0
    ],
    "ccd": false,
    "kinematic": false,
    "mass": 5.0,
    "hull_offset": 0,
    "hull_count": 0,
    "collision_group": 7
   },
   "joint_desc": {
    "type": 1,
    "axis": [
     0.0,
     1.0,
     0.0
    ],
    "rest_length": 0.0,
    "limit_min": [
     -0.3490658402442932,
     -0.3490658402442932,
     -1.1344640254974365
    ],
    "limit_max": [
     1.6580628156661987,
     0.3490658402442932,
     1.1344640254974365
    ],
    "limit_axes": 7,
    "stiffness": 9000.0,
    "damping": 5.0,
    "yield_strength": 9999.0,
    "break_strength": 50.0,
    "anchor_a": [
     -0.025537751615047455,
     0.9812717437744141,
     -0.09916845709085464
    ],
    "anchor_b": [
     -0.025537751615047455,
     0.9812717437744141,
     -0.09916845709085464
    ]
   }
  },
  {
   "name": "Neck",
   "parent": 2,
   "rest_local": [
    0.9315600395202637,
    0.20255501568317413,
    0.3019394874572754,
    0.0,
    -0.3264090120792389,
    0.8317292928695679,
    0.4490917921066284,
    0.0,
    -0.1601661741733551,
    -0.5169117450714111,
    0.8409215211868286,
    0.0,
    -4.190951585769653e-09,
    -9.909854270517826e-09,
    -0.2820868194103241,
    1.0
   ],
   "rest_world": [
    0.9491220712661743,
    -0.17881159484386444,
    0.25921785831451416,
    0.0,
    -0.29432782530784607,
    -0.21100996434688568,
    0.9321189522743225,
    0.0,
    -0.11197619140148163,
    -0.9609896540641785,
    -0.25290340185165405,
    0.0,
    -0.04252897948026657,
    1.2511920928955078,
    -0.17933841049671173,
    1.0
   ],
   "tail_pos": [
    -0.020567335188388824,
    1.439668893814087,
    -0.1297370046377182
   ],
   "constraints": [],
   "collider": {
    "shape": "none",
    "params": [
     0.0,
     0.0,
     0.0,
     0.0,
     0.0,
     0.0
    ],
    "ccd": false,
    "kinematic": false,
    "mass": 1.0499999523162842,
    "hull_offset": 0,
    "hull_count": 0,
    "collision_group": 0
   },
   "joint_desc": {
    "type": 1,
    "axis": [
     0.0,
     1.0,
     0.0
    ],
    "rest_length": 0.0,
    "limit_min": [
     -0.5235987901687622,
     -0.5235987901687622,
     -0.8726646304130554
    ],
    "limit_max": [
     0.5235987901687622,
     0.5235987901687622,
     0.8726646304130554
    ],
    "limit_axes": 7,
    "stiffness": 3000.0,
    "damping": 5.0,
    "yield_strength": 99999.0,
    "break_strength": 50.0,
    "anchor_a": [
     -0.04252897948026657,
     1.2511920928955078,
     -0.17933841049671173
    ],
    "anchor_b": [
     -0.04252897948026657,
     1.2511920928955078,
     -0.17933841049671173
    ]
   }
  },
  {
   "name": "Head",
   "parent": 3,
   "rest_local": [
    0.94912189245224,
    -0.29432791471481323,
    -0.11197611689567566,
    0.0,
    0.1995151937007904,
    0.8371409177780151,
    -0.5093023777008057,
    0.0,
    0.2436417043209076,
    0.4610491991043091,
    0.8532716035842896,
    0.0,
    5.587935447692871e-09,
    6.984919309616089e-09,
    -0.19612783193588257,
    1.0
   ],
   "rest_world": [
    1.0000001192092896,
    3.725290298461914e-09,
    -1.1920928955078125e-07,
    0.0,
    1.1920928955078125e-07,
    0.2771136164665222,
    0.9608370661735535,
    0.0,
    0.0,
    -0.9608371257781982,
    0.2771136462688446,
    0.0,
    -0.020567331463098526,
    1.439668893814087,
    -0.1297370195388794,
    1.0
   ],
   "tail_pos": [
    -0.020567335188388824,
    1.5671502351760864,
    -0.16650371253490448
   ],
   "constraints": [],
   "collider": {
    "shape": "capsule",
    "params": [
     0.07999999821186066,
     0.07999999821186066,
     1.0,
     0.0,
     0.0,
     0.0
    ],
    "ccd": false,
    "kinematic": false,
    "mass": 2.0,
    "hull_offset": 0,
    "hull_count": 0,
    "collision_group": 6
   },
   "joint_desc": {
    "type": 1,
    "axis": [
     0.0,
     1.0,
     0.0
    ],
    "rest_length": 0.0,
    "limit_min": [
     -0.1745329201221466,
     -0.1745329201221466,
     -0.1745329201221466
    ],
    "limit_max": [
     0.1745329201221466,
     0.1745329201221466,
     0.1745329201221466
    ],
    "limit_axes": 7,
    "stiffness": 0.0,
    "damping": 0.30000001192092896,
    "yield_strength": 99999.0,
    "break_strength": 50.0,
    "anchor_a": [
     -0.020567335188388824,
     1.439668893814087,
     -0.1297370046377182
    ],
    "anchor_b": [
     -0.020567335188388824,
     1.439668893814087,
     -0.1297370046377182
    ]
   }
  },
  {
   "name": "Clav.R",
   "parent": 2,
   "rest_local": [
    0.11049144715070724,
    0.5714775919914246,
    -0.8131451606750488,
    0.0,
    0.010817071422934532,
    0.8174146413803101,
    0.5759480595588684,
    0.0,
    0.9938183426856995,
    -0.072433240711689,
    0.08413572609424591,
    0.0,
    -4.190951585769653e-09,
    -9.909854270517826e-09,
    -0.2820868194103241,
    1.0
   ],
   "rest_world": [
    0.06435628980398178,
    0.9471712112426758,
    0.3142054080963135,
    0.0,
    0.049845919013023376,
    -0.31751614809036255,
    0.9469417333602905,
    0.0,
    0.9966815114021301,
    -0.045279912650585175,
    -0.0676468089222908,
    0.0,
    -0.04252897948026657,
    1.2511920928955078,
    -0.17933841049671173,
    1.0
   ],
   "tail_pos": [
    -0.22560419142246246,
    1.2595093250274658,
    -0.1669127196073532
   ],
   "constraints": [],
   "collider": {
    "shape": "none",
    "params": [
     0.0,
     0.0,
     0.0,
     0.0,
     0.0,
     0.0
    ],
    "ccd": false,
    "kinematic": false,
    "mass": 0.5,
    "hull_offset": 0,
    "hull_count": 0,
    "collision_group": 0
   },
   "joint_desc": {
    "type": 3,
    "axis": [
     0.0,
     1.0,
     0.0
    ],
    "rest_length": 0.10000000149011612,
    "limit_min": [
     0.0,
     0.0,
     0.0
    ],
    "limit_max": [
     0.0,
     0.0,
     0.0
    ],
    "limit_axes": 0,
    "stiffness": 0.0,
    "damping": 0.20000000298023224,
    "yield_strength": 999.0,
    "break_strength": 15.0,
    "anchor_a": [
     -0.04252897948026657,
     1.2511920928955078,
     -0.17933841049671173
    ],
    "anchor_b": [
     -0.04252897948026657,
     1.2511920928955078,
     -0.17933841049671173
    ]
   }
  },
  {
   "name": "UArm.R",
   "parent": 5,
   "rest_local": [
    -0.3577674329280853,
    -0.9198635816574097,
    -0.1607898324728012,
    0.0,
    0.8475704193115234,
    -0.3921491503715515,
    0.3575516641139984,
    0.0,
    -0.3919522166252136,
    -0.008360318839550018,
    0.9199471473693848,
    0.0,
    -4.470348358154297e-08,
    -3.3527612686157227e-08,
    -0.1836848258972168,
    1.0
   ],
   "rest_world": [
    -0.2291322648525238,
    -0.039514899253845215,
    -0.9725927710533142,
    0.0,
    0.39136457443237305,
    0.9111180901527405,
    -0.1292184442281723,
    0.0,
    0.8912529945373535,
    -0.41024646162986755,
    -0.193301722407341,
    0.0,
    -0.22560423612594604,
    1.2595093250274658,
    -0.1669127196073532,
    1.0
   ],
   "tail_pos": [
    -0.39934277534484863,
    1.3394817113876343,
    -0.12923097610473633
   ],
   "constraints": [],
   "collider": {
    "shape": "capsule",
    "params": [
     0.05000000074505806,
     0.20000000298023224,
     1.0,
     0.0,
     0.0,
     0.0
    ],
    "ccd": false,
    "kinematic": false,
    "mass": 1.0,
    "hull_offset": 0,
    "hull_count": 0,
    "collision_group": 7
   },
   "joint_desc": {
    "type": 1,
    "axis": [
     0.0,
     1.0,
     0.0
    ],
    "rest_length": 0.0,
    "limit_min": [
     -2.7925267219543457,
     -1.0471975803375244,
     -3.3161256313323975
    ],
    "limit_max": [
     1.3089969158172607,
     2.7925267219543457,
     2.7925267219543457
    ],
    "limit_axes": 7,
    "stiffness": 0.0,
    "damping": 0.30000001192092896,
    "yield_strength": 99999.0,
    "break_strength": 20.0,
    "anchor_a": [
     -0.22560419142246246,
     1.2595093250274658,
     -0.1669127196073532
    ],
    "anchor_b": [
     -0.22560419142246246,
     1.2595093250274658,
     -0.1669127196073532
    ]
   }
  },
  {
   "name": "FArm.R",
   "parent": 6,
   "rest_local": [
    -0.07367505878210068,
    0.9749109745025635,
    -0.2100486159324646,
    0.0,
    -0.9939433336257935,
    -0.08900190889835358,
    -0.06446171551942825,
    0.0,
    -0.08153916150331497,
    0.20402708649635315,
    0.9755632877349854,
    0.0,
    2.2351741790771484e-08,
    9.685754776000977e-08,
    -0.19493748247623444,
    1.0
   ],
   "rest_world": [
    0.21122053265571594,
    0.9773420095443726,
    -0.013717904686927795,
    0.0,
    0.13546058535575867,
    -0.015370480716228485,
    0.9906632900238037,
    0.0,
    0.9680060148239136,
    -0.2111065834760666,
    -0.13563774526119232,
    0.0,
    -0.39934277534484863,
    1.3394817113876343,
    -0.12923099100589752,
    1.0
   ],
   "tail_pos": [
    -0.6127059459686279,
    1.3860127925872803,
    -0.09933436661958694
   ],
   "constraints": [],
   "collider": {
    "shape": "capsule",
    "params": [
     0.05000000074505806,
     0.10000000149011612,
     1.0,
     0.0,
     0.0,
     0.0
    ],
    "ccd": false,
    "kinematic": false,
    "mass": 1.5,
    "hull_offset": 0,
    "hull_count": 0,
    "collision_group": 4
   },
   "joint_desc": {
    "type": 1,
    "axis": [
     0.0,
     1.0,
     0.0
    ],
    "rest_length": 0.0,
    "limit_min": [
     -0.01745329238474369,
     -0.001745329238474369,
     -1.5707963705062866
    ],
    "limit_max": [
     2.879793167114258,
     0.001745329238474369,
     1.483529806137085
    ],
    "limit_axes": 7,
    "stiffness": 0.0,
    "damping": 0.5,
    "yield_strength": 99999.0,
    "break_strength": 19.0,
    "anchor_a": [
     -0.39934277534484863,
     1.3394817113876343,
     -0.12923097610473633
    ],
    "anchor_b": [
     -0.39934277534484863,
     1.3394817113876343,
     -0.12923097610473633
    ]
   }
  },
  {
   "name": "Hand.R",
   "parent": 7,
   "rest_local": [
    0.9333761930465698,
    -0.038807228207588196,
    -0.35679522156715393,
    0.0,
    0.09156692773103714,
    0.9869862198829651,
    0.13218846917152405,
    0.0,
    0.34702208638191223,
    -0.15605218708515167,
    0.9247830510139465,
    0.0,
    2.3865140974521637e-08,
    7.450580596923828e-09,
    -0.2204151153564453,
    1.0
   ],
   "rest_world": [
    -0.15348854660987854,
    0.9881460070610046,
    -0.0028539635241031647,
    0.0,
    0.28099775314331055,
    0.04641589894890785,
    0.9585851430892944,
    0.0,
    0.9473547339439392,
    0.1463300734758377,
    -0.2847910523414612,
    0.0,
    -0.6127058863639832,
    1.3860127925872803,
    -0.09933438897132874,
    1.0
   ],
   "tail_pos": [
    -0.8108568787574768,
    1.3554060459136963,
    -0.03976679593324661
   ],
   "constraints": [],
   "collider": {
    "shape": "convex_hull",
    "params": [
     0.0,
     0.0,
     0.0,
     0.0,
     0.0,
     0.0
    ],
    "ccd": true,
    "kinematic": false,
    "mass": 1.0,
    "hull_offset": 0,
    "hull_count": 26,
    "collision_group": 4
   },
   "joint_desc": {
    "type": 1,
    "axis": [
     0.0,
     1.0,
     0.0
    ],
    "rest_length": 0.0,
    "limit_min": [
     -0.1745329201221466,
     -1.5707963705062866,
     -0.01745329238474369
    ],
    "limit_max": [
     0.3490658402442932,
     1.5707963705062866,
     0.01745329238474369
    ],
    "limit_axes": 7,
    "stiffness": 900.0,
    "damping": 3.0,
    "yield_strength": 99999.0,
    "break_strength": 17.0,
    "anchor_a": [
     -0.6127059459686279,
     1.3860127925872803,
     -0.09933436661958694
    ],
    "anchor_b": [
     -0.6127059459686279,
     1.3860127925872803,
     -0.09933436661958694
    ]
   }
  },
  {
   "name": "Clav.L",
   "parent": 2,
   "rest_local": [
    0.068486787378788,
    -0.40913859009742737,
    0.9098985195159912,
    0.0,
    -0.020400559529662132,
    0.9112748503684998,
    0.41129302978515625,
    0.0,
    -0.997443437576294,
    -0.04673062637448311,
    0.05406373739242554,
    0.0,
    -4.190951585769653e-09,
    -9.909854270517826e-09,
    -0.2820868194103241,
    1.0
   ],
   "rest_world": [
    0.12098756432533264,
    -0.983418881893158,
    -0.13509055972099304,
    0.0,
    0.009267862886190414,
    -0.13496527075767517,
    0.9908069372177124,
    0.0,
    -0.9926108121871948,
    -0.12112744897603989,
    -0.007214941084384918,
    0.0,
    -0.04252897948026657,
    1.2511920928955078,
    -0.17933841049671173,
    1.0
   ],
   "tail_pos": [
    0.1518002152442932,
    1.2749059200286865,
    -0.17792589962482452
   ],
   "constraints": [],
   "collider": {
    "shape": "capsule",
    "params": [
     0.07999999821186066,
     0.10000000149011612,
     1.0,
     0.0,
     0.0,
     0.0
    ],
    "ccd": false,
    "kinematic": false,
    "mass": 0.5,
    "hull_offset": 0,
    "hull_count": 0,
    "collision_group": 7
   },
   "joint_desc": {
    "type": 3,
    "axis": [
     0.0,
     1.0,
     0.0
    ],
    "rest_length": 0.10000000149011612,
    "limit_min": [
     0.0,
     0.0,
     0.0
    ],
    "limit_max": [
     0.0,
     0.0,
     0.0
    ],
    "limit_axes": 0,
    "stiffness": 0.0,
    "damping": 0.20000000298023224,
    "yield_strength": 999.0,
    "break_strength": 15.0,
    "anchor_a": [
     -0.04252897948026657,
     1.2511920928955078,
     -0.17933841049671173
    ],
    "anchor_b": [
     -0.04252897948026657,
     1.2511920928955078,
     -0.17933841049671173
    ]
   }
  },
  {
   "name": "UArm.L",
   "parent": 9,
   "rest_local": [
    0.9524117112159729,
    0.09240399301052094,
    -0.2904707193374634,
    0.0,
    -0.11648546904325485,
    0.9909502267837524,
    -0.06669995188713074,
    0.0,
    0.2816786468029022,
    0.09736143797636032,
    0.9545562863349915,
    0.0,
    3.725290298461914e-08,
    1.5832483768463135e-08,
    -0.1957758367061615,
    1.0
   ],
   "rest_world": [
    0.40441077947616577,
    -0.9139070510864258,
    -0.03501158952713013,
    0.0,
    0.061297789216041565,
    -0.011110648512840271,
    0.9980576634407043,
    0.0,
    -0.9125210046768188,
    -0.40577149391174316,
    0.05152719467878342,
    0.0,
    0.1518002450466156,
    1.2749059200286865,
    -0.17792589962482452,
    1.0
   ],
   "tail_pos": [
    0.2981278896331787,
    1.3399735689163208,
    -0.18618856370449066
   ],
   "constraints": [],
   "collider": {
    "shape": "capsule",
    "params": [
     0.05000000074505806,
     0.20000000298023224,
     1.0,
     0.0,
     0.0,
     0.0
    ],
    "ccd": false,
    "kinematic": false,
    "mass": 1.0,
    "hull_offset": 0,
    "hull_count": 0,
    "collision_group": 7
   },
   "joint_desc": {
    "type": 1,
    "axis": [
     0.0,
     1.0,
     0.0
    ],
    "rest_length": 0.0,
    "limit_min": [
     -2.7925267219543457,
     -1.0471975803375244,
     -3.3161256313323975
    ],
    "limit_max": [
     1.3089969158172607,
     2.7925267219543457,
     2.7925267219543457
    ],
    "limit_axes": 7,
    "stiffness": 0.0,
    "damping": 0.30000001192092896,
    "yield_strength": 99999.0,
    "break_strength": 20.0,
    "anchor_a": [
     0.1518002152442932,
     1.2749059200286865,
     -0.17792589962482452
    ],
    "anchor_b": [
     0.1518002152442932,
     1.2749059200286865,
     -0.17792589962482452
    ]
   }
  },
  {
   "name": "FArm.L",
   "parent": 10,
   "rest_local": [
    0.9763478636741638,
    0.026419006288051605,
    0.21458543837070465,
    0.0,
    -0.02627510577440262,
    0.9996485114097595,
    -0.003523426130414009,
    0.0,
    -0.21460311114788055,
    -0.002198165515437722,
    0.9766987562179565,
    0.0,
    -8.242204785346985e-08,
    -1.7695128917694092e-08,
    -0.1603553593158722,
    1.0
   ],
   "rest_world": [
    0.20065128803253174,
    -0.9796574115753174,
    0.003241186961531639,
    0.0,
    0.05386551097035408,
    0.014335966669023037,
    0.9984452724456787,
    0.0,
    -0.9781807661056519,
    -0.200164794921875,
    0.055646251887083054,
    0.0,
    0.2981278896331787,
    1.3399735689163208,
    -0.18618856370449066,
    1.0
   ],
   "tail_pos": [
    0.4957541823387146,
    1.3804137706756592,
    -0.1974310278892517
   ],
   "constraints": [],
   "collider": {
    "shape": "capsule",
    "params": [
     0.05000000074505806,
     0.10000000149011612,
     1.0,
     0.0,
     0.0,
     0.0
    ],
    "ccd": false,
    "kinematic": false,
    "mass": 1.5,
    "hull_offset": 0,
    "hull_count": 0,
    "collision_group": 5
   },
   "joint_desc": {
    "type": 1,
    "axis": [
     0.0,
     1.0,
     0.0
    ],
    "rest_length": 0.0,
    "limit_min": [
     -0.01745329238474369,
     -0.001745329238474369,
     -1.5707963705062866
    ],
    "limit_max": [
     2.879793167114258,
     0.001745329238474369,
     1.483529806137085
    ],
    "limit_axes": 7,
    "stiffness": 0.0,
    "damping": 0.5,
    "yield_strength": 99999.0,
    "break_strength": 19.0,
    "anchor_a": [
     0.2981278896331787,
     1.3399735689163208,
     -0.18618856370449066
    ],
    "anchor_b": [
     0.2981278896331787,
     1.3399735689163208,
     -0.18618856370449066
    ]
   }
  },
  {
   "name": "Hand.L",
   "parent": 11,
   "rest_local": [
    0.9856429696083069,
    -0.09148935228586197,
    0.14190757274627686,
    0.0,
    0.07931871712207794,
    0.9928522109985352,
    0.08918098360300064,
    0.0,
    -0.14905233681201935,
    -0.076644666492939,
    0.9858545660972595,
    0.0,
    3.4226104617118835e-08,
    9.313225746154785e-09,
    -0.20203456282615662,
    1.0
   ],
   "rest_world": [
    0.05403115600347519,
    -0.9953088760375977,
    -0.08025582879781723,
    0.0,
    -0.017839230597019196,
    -0.0813225656747818,
    0.996528148651123,
    0.0,
    -0.9983798861503601,
    -0.052411921322345734,
    -0.022149503231048584,
    0.0,
    0.4957541823387146,
    1.3804137706756592,
    -0.1974310278892517,
    1.0
   ],
   "tail_pos": [
    0.6988780498504639,
    1.3910771608352661,
    -0.1929246336221695
   ],
   "constraints": [],
   "collider": {
    "shape": "convex_hull",
    "params": [
     0.0,
     0.0,
     0.0,
     0.0,
     0.0,
     0.0
    ],
    "ccd": true,
    "kinematic": false,
    "mass": 1.0,
    "hull_offset": 26,
    "hull_count": 24,
    "collision_group": 5
   },
   "joint_desc": {
    "type": 1,
    "axis": [
     0.0,
     1.0,
     0.0
    ],
    "rest_length": 0.0,
    "limit_min": [
     -0.1745329201221466,
     -1.5707963705062866,
     -0.01745329238474369
    ],
    "limit_max": [
     0.3490658402442932,
     1.5707963705062866,
     0.01745329238474369
    ],
    "limit_axes": 7,
    "stiffness": 900.0,
    "damping": 3.0,
    "yield_strength": 99999.0,
    "break_strength": 17.0,
    "anchor_a": [
     0.4957541823387146,
     1.3804137706756592,
     -0.1974310278892517
    ],
    "anchor_b": [
     0.4957541823387146,
     1.3804137706756592,
     -0.1974310278892517
    ]
   }
  },
  {
   "name": "Pelvis.R",
   "parent": 0,
   "rest_local": [
    -0.09340384602546692,
    -0.9950093626976013,
    -0.03510187566280365,
    0.0,
    0.12792034447193146,
    0.022970549762248993,
    -0.9915184378623962,
    0.0,
    0.9873766303062439,
    -0.09710171818733215,
    0.12513640522956848,
    0.0,
    -0.026735424995422363,
    -0.05379125103354454,
    -0.7671665549278259,
    1.0
   ],
   "rest_world": [
    -0.09340384602546692,
    0.03510187566280365,
    -0.9950093626976013,
    0.0,
    0.12792034447193146,
    0.9915184378623962,
    0.022970549762248993,
    0.0,
    0.9873766303062439,
    -0.12513640522956848,
    -0.09710171818733215,
    0.0,
    -0.026735424995422363,
    0.7671665549278259,
    -0.05379125103354454,
    1.0
   ],
   "tail_pos": [
    -0.1368972212076187,
    0.7811280488967896,
    -0.04295759275555611
   ],
   "constraints": [],
   "collider": {
    "shape": "capsule",
    "params": [
     0.05000000074505806,
     0.20000000298023224,
     1.0,
     0.0,
     0.0,
     0.0
    ],
    "ccd": false,
    "kinematic": false,
    "mass": 5.0,
    "hull_offset": 0,
    "hull_count": 0,
    "collision_group": 7
   },
   "joint_desc": {
    "type": 4,
    "axis": [
     0.0,
     1.0,
     0.0
    ],
    "rest_length": 0.0,
    "limit_min": [
     0.0,
     0.0,
     0.0
    ],
    "limit_max": [
     0.0,
     0.0,
     0.0
    ],
    "limit_axes": 0,
    "stiffness": 0.0,
    "damping": 10.0,
    "yield_strength": 99999.0,
    "break_strength": 20.0,
    "anchor_a": [
     -0.026735424995422363,
     0.7671665549278259,
     -0.05379125103354454
    ],
    "anchor_b": [
     -0.026735424995422363,
     0.7671665549278259,
     -0.05379125103354454
    ]
   }
  },
  {
   "name": "Thigh.R",
   "parent": 13,
   "rest_local": [
    0.9936258792877197,
    0.024296311661601067,
    0.11007940769195557,
    0.0,
    0.09090025722980499,
    0.4048355221748352,
    -0.9098600149154663,
    0.0,
    -0.06667029857635498,
    0.914066731929779,
    0.40004652738571167,
    0.0,
    -1.862645149230957e-09,
    -3.795139491558075e-08,
    -0.11157020181417465,
    1.0
   ],
   "rest_world": [
    0.018989352509379387,
    0.04519342631101608,
    -0.9987977743148804,
    0.0,
    -0.8550782203674316,
    0.5184492468833923,
    0.007201657630503178,
    0.0,
    0.5181515216827393,
    0.8539133071899414,
    0.04848897457122803,
    0.0,
    -0.1368972361087799,
    0.7811280488967896,
    -0.04295759275555611,
    1.0
   ],
   "tail_pos": [
    -0.3440527319908142,
    0.43973588943481445,
    -0.062343351542949677
   ],
   "constraints": [],
   "collider": {
    "shape": "capsule",
    "params": [
     0.0860000029206276,
     0.15000000596046448,
     1.0,
     0.0,
     0.0,
     0.0
    ],
    "ccd": false,
    "kinematic": false,
    "mass": 2.0,
    "hull_offset": 0,
    "hull_count": 0,
    "collision_group": 7
   },
   "joint_desc": {
    "type": 1,
    "axis": [
     0.0,
     1.0,
     0.0
    ],
    "rest_length": 0.0,
    "limit_min": [
     -1.2217304706573486,
     -0.0872664600610733,
     -0.001745329238474369
    ],
    "limit_max": [
     1.2217304706573486,
     2.268928050994873,
     0.001745329238474369
    ],
    "limit_axes": 7,
    "stiffness": 0.0,
    "damping": 0.5,
    "yield_strength": 9999.0,
    "break_strength": 25.0,
    "anchor_a": [
     -0.1368972212076187,
     0.7811280488967896,
     -0.04295759275555611
    ],
    "anchor_b": [
     -0.1368972212076187,
     0.7811280488967896,
     -0.04295759275555611
    ]
   }
  },
  {
   "name": "Calf.R",
   "parent": 14,
   "rest_local": [
    0.998384952545166,
    0.005944597069174051,
    0.05649960786104202,
    0.0,
    -0.005339512601494789,
    0.9999268651008606,
    -0.010854480788111687,
    0.0,
    -0.05655999109148979,
    0.010535232722759247,
    0.9983436465263367,
    0.0,
    -2.7939677238464355e-09,
    4.854518920183182e-08,
    -0.3997970521450043,
    1.0
   ],
   "rest_world": [
    0.043150946497917175,
    0.09644817560911179,
    -0.994402289390564,
    0.0,
    -0.860741376876831,
    0.5089012384414673,
    0.012007899582386017,
    0.0,
    0.5072107911109924,
    0.855404794216156,
    0.10497652739286423,
    0.0,
    -0.3440527319908142,
    0.43973591923713684,
    -0.06234334781765938,
    1.0
   ],
   "tail_pos": [
    -0.5907986164093018,
    0.023601945489645004,
    -0.11341191828250885
   ],
   "constraints": [],
   "collider": {
    "shape": "capsule",
    "params": [
     0.07699999958276749,
     0.1899999976158142,
     1.0,
     0.0,
     0.0,
     0.0
    ],
    "ccd": false,
    "kinematic": false,
    "mass": 3.0,
    "hull_offset": 0,
    "hull_count": 0,
    "collision_group": 2
   },
   "joint_desc": {
    "type": 1,
    "axis": [
     0.0,
     1.0,
     0.0
    ],
    "rest_length": 0.0,
    "limit_min": [
     -0.1745329201221466,
     -3.3161256313323975,
     -0.0872664600610733
    ],
    "limit_max": [
     0.1745329201221466,
     0.05235987901687622,
     0.0872664600610733
    ],
    "limit_axes": 7,
    "stiffness": 0.0,
    "damping": 0.699999988079071,
    "yield_strength": 99999.0,
    "break_strength": 20.0,
    "anchor_a": [
     -0.3440527319908142,
     0.43973588943481445,
     -0.062343351542949677
    ],
    "anchor_b": [
     -0.3440527319908142,
     0.43973588943481445,
     -0.062343351542949677
    ]
   }
  },
  {
   "name": "Foot.R",
   "parent": 15,
   "rest_local": [
    -0.17832723259925842,
    -0.40774011611938477,
    -0.8955151438713074,
    0.0,
    -0.459062784910202,
    0.8394612073898315,
    -0.2908031642436981,
    0.0,
    0.8703223466873169,
    0.3592396080493927,
    -0.3368770182132721,
    0.0,
    -6.28642737865448e-09,
    -5.564652383327484e-08,
    -0.4864760637283325,
    1.0
   ],
   "rest_world": [
    -0.11095112562179565,
    -0.9907267093658447,
    0.0784248411655426,
    0.0,
    -0.8898664116859436,
    0.13417261838912964,
    0.43604570627212524,
    0.0,
    -0.442524790763855,
    -0.021407783031463623,
    -0.8965009450912476,
    0.0,
    -0.5907986164093018,
    0.023601949214935303,
    -0.11341191828250885,
    1.0
   ],
   "tail_pos": [
    -0.49429938197135925,
    0.028270233422517776,
    0.08208367973566055
   ],
   "constraints": [],
   "collider": {
    "shape": "convex_hull",
    "params": [
     0.0,
     0.0,
     0.0,
     0.0,
     0.0,
     0.0
    ],
    "ccd": true,
    "kinematic": false,
    "mass": 2.0,
    "hull_offset": 50,
    "hull_count": 23,
    "collision_group": 2
   },
   "joint_desc": {
    "type": 1,
    "axis": [
     0.0,
     1.0,
     0.0
    ],
    "rest_length": 0.0,
    "limit_min": [
     -0.3490658402442932,
     -1.5707963705062866,
     -0.5235987901687622
    ],
    "limit_max": [
     1.5707963705062866,
     0.1745329201221466,
     0.5235987901687622
    ],
    "limit_axes": 7,
    "stiffness": 1200.0,
    "damping": 3.0,
    "yield_strength": 9999.0,
    "break_strength": 18.0,
    "anchor_a": [
     -0.5907986164093018,
     0.023601945489645004,
     -0.11341191828250885
    ],
    "anchor_b": [
     -0.5907986164093018,
     0.023601945489645004,
     -0.11341191828250885
    ]
   }
  },
  {
   "name": "Pelvis.L",
   "parent": 0,
   "rest_local": [
    -0.010507069528102875,
    0.9999428987503052,
    0.0019221859984099865,
    0.0,
    -0.4888138771057129,
    -0.0034593231976032257,
    -0.8723811507225037,
    0.0,
    -0.8723247051239014,
    -0.01010578777641058,
    0.488822340965271,
    0.0,
    0.008111508563160896,
    -0.05288182571530342,
    -0.7662137150764465,
    1.0
   ],
   "rest_world": [
    -0.010507069528102875,
    -0.0019221859984099865,
    0.9999428987503052,
    0.0,
    -0.4888138771057129,
    0.8723811507225037,
    -0.0034593231976032257,
    0.0,
    -0.8723247051239014,
    -0.488822340965271,
    -0.01010578777641058,
    0.0,
    0.008111508563160896,
    0.7662137150764465,
    -0.05288182571530342,
    1.0
   ],
   "tail_pos": [
    0.11251717805862427,
    0.824719250202179,
    -0.05167229846119881
   ],
   "constraints": [],
   "collider": {
    "shape": "capsule",
    "params": [
     0.05000000074505806,
     0.20000000298023224,
     1.0,
     0.0,
     0.0,
     0.0
    ],
    "ccd": false,
    "kinematic": false,
    "mass": 5.0,
    "hull_offset": 0,
    "hull_count": 0,
    "collision_group": 7
   },
   "joint_desc": {
    "type": 4,
    "axis": [
     0.0,
     1.0,
     0.0
    ],
    "rest_length": 0.0,
    "limit_min": [
     0.0,
     0.0,
     0.0
    ],
    "limit_max": [
     0.0,
     0.0,
     0.0
    ],
    "limit_axes": 0,
    "stiffness": 0.0,
    "damping": 10.0,
    "yield_strength": 99999.0,
    "break_strength": 20.0,
    "anchor_a": [
     0.008111508563160896,
     0.7662137150764465,
     -0.05288182571530342
    ],
    "anchor_b": [
     0.008111508563160896,
     0.7662137150764465,
     -0.05288182571530342
    ]
   }
  },
  {
   "name": "Thigh.L",
   "parent": 17,
   "rest_local": [
    0.9797648787498474,
    -0.19986167550086975,
    0.010772970505058765,
    0.0,
    -0.004181236494332552,
    -0.07425002008676529,
    -0.9972308874130249,
    0.0,
    0.20010817050933838,
    0.9770066142082214,
    -0.0735834389925003,
    0.0,
    -5.704350769519806e-09,
    -7.777998689562082e-08,
    -0.11968667805194855,
    1.0
   ],
   "rest_world": [
    0.0780031830072403,
    -0.18150492012500763,
    0.9802914261817932,
    0.0,
    0.9062475562095642,
    0.42270249128341675,
    0.006153661757707596,
    0.0,
    -0.4154883325099945,
    0.8879067897796631,
    0.1974605768918991,
    0.0,
    0.11251716315746307,
    0.824719250202179,
    -0.05167229846119881,
    1.0
   ],
   "tail_pos": [
    0.3003665506839752,
    0.4232814610004425,
    -0.14094758033752441
   ],
   "constraints": [],
   "collider": {
    "shape": "capsule",
    "params": [
     0.0860000029206276,
     0.1599999964237213,
     1.0,
     0.0,
     0.0,
     0.0
    ],
    "ccd": false,
    "kinematic": false,
    "mass": 2.0,
    "hull_offset": 0,
    "hull_count": 0,
    "collision_group": 7
   },
   "joint_desc": {
    "type": 1,
    "axis": [
     0.0,
     1.0,
     0.0
    ],
    "rest_length": 0.0,
    "limit_min": [
     -1.2217304706573486,
     -0.0872664600610733,
     -0.001745329238474369
    ],
    "limit_max": [
     1.2217304706573486,
     2.268928050994873,
     0.001745329238474369
    ],
    "limit_axes": 7,
    "stiffness": 0.0,
    "damping": 0.5,
    "yield_strength": 9999.0,
    "break_strength": 25.0,
    "anchor_a": [
     0.11251717805862427,
     0.824719250202179,
     -0.05167229846119881
    ],
    "anchor_b": [
     0.11251717805862427,
     0.824719250202179,
     -0.05167229846119881
    ]
   }
  },
  {
   "name": "Calf.L",
   "parent": 18,
   "rest_local": [
    0.999754786491394,
    -0.022105712443590164,
    -0.0013247225433588028,
    0.0,
    0.02214512974023819,
    0.9976657032966614,
    0.06459817290306091,
    0.0,
    -0.00010636448860168457,
    -0.06461170315742493,
    0.9979104995727539,
    0.0,
    1.4901161193847656e-08,
    1.367880031466484e-08,
    -0.452116996049881,
    1.0
   ],
   "rest_world": [
    0.05850120633840561,
    -0.19198077917099,
    0.9796534180641174,
    0.0,
    0.8790196776390076,
    0.47505348920822144,
    0.04060356318950653,
    0.0,
    -0.47318264842033386,
    0.858759343624115,
    0.19654612243175507,
    0.0,
    0.30036652088165283,
    0.4232814908027649,
    -0.14094758033752441,
    1.0
   ],
   "tail_pos": [
    0.5179595947265625,
    0.02838096022605896,
    -0.2313293069601059
   ],
   "constraints": [],
   "collider": {
    "shape": "capsule",
    "params": [
     0.07599999755620956,
     0.20000000298023224,
     1.0,
     0.0,
     0.0,
     0.0
    ],
    "ccd": false,
    "kinematic": false,
    "mass": 3.0,
    "hull_offset": 0,
    "hull_count": 0,
    "collision_group": 1
   },
   "joint_desc": {
    "type": 1,
    "axis": [
     0.0,
     1.0,
     0.0
    ],
    "rest_length": 0.0,
    "limit_min": [
     -0.1745329201221466,
     -3.3161256313323975,
     -0.0872664600610733
    ],
    "limit_max": [
     0.1745329201221466,
     0.05235987901687622,
     0.0872664600610733
    ],
    "limit_axes": 7,
    "stiffness": 0.0,
    "damping": 0.699999988079071,
    "yield_strength": 99999.0,
    "break_strength": 20.0,
    "anchor_a": [
     0.3003665506839752,
     0.4232814610004425,
     -0.14094758033752441
    ],
    "anchor_b": [
     0.3003665506839752,
     0.4232814610004425,
     -0.14094758033752441
    ]
   }
  },
  {
   "name": "Foot.L",
   "parent": 19,
   "rest_local": [
    -0.11083845794200897,
    -0.5518065094947815,
    0.8265739679336548,
    0.0,
    -0.15157197415828705,
    0.8313546776771545,
    0.5346731543540955,
    0.0,
    -0.982212245464325,
    -0.0660230964422226,
    -0.17578443884849548,
    0.0,
    7.450580596923828e-09,
    -1.3969838619232178e-08,
    -0.4598500728607178,
    1.0
   ],
   "rest_world": [
    -0.8826533555984497,
    0.46896934509277344,
    0.031471315771341324,
    0.0,
    0.46891188621520996,
    0.8831923604011536,
    -0.009644120931625366,
    0.0,
    -0.03231804445385933,
    0.006244823336601257,
    -0.9994580745697021,
    0.0,
    0.5179595947265625,
    0.028380930423736572,
    -0.2313293218612671,
    1.0
   ],
   "tail_pos": [
    0.5248941779136658,
    0.027040995657444,
    -0.016872473061084747
   ],
   "constraints": [],
   "collider": {
    "shape": "convex_hull",
    "params": [
     0.0,
     0.0,
     0.0,
     0.0,
     0.0,
     0.0
    ],
    "ccd": true,
    "kinematic": false,
    "mass": 2.0,
    "hull_offset": 73,
    "hull_count": 24,
    "collision_group": 1
   },
   "joint_desc": {
    "type": 1,
    "axis": [
     0.0,
     1.0,
     0.0
    ],
    "rest_length": 0.0,
    "limit_min": [
     -0.3490658402442932,
     -1.5707963705062866,
     -0.5235987901687622
    ],
    "limit_max": [
     1.5707963705062866,
     0.1745329201221466,
     0.5235987901687622
    ],
    "limit_axes": 7,
    "stiffness": 1200.0,
    "damping": 3.0,
    "yield_strength": 99999.0,
    "break_strength": 18.0,
    "anchor_a": [
     0.5179595947265625,
     0.02838096022605896,
     -0.2313293069601059
    ],
    "anchor_b": [
     0.5179595947265625,
     0.02838096022605896,
     -0.2313293069601059
    ]
   }
  }
 ],
 "ibms": [
  [
   1.0,
   0.0,
   0.0,
   0.0,
   0.0,
   0.0,
   -1.0,
   0.0,
   0.0,
   1.0,
   0.0,
   0.0,
   0.019239842891693115,
   0.023479700088500977,
   0.007245771586894989,
   1.0
  ],
  [
   0.999412477016449,
   0.01023203507065773,
   0.032711051404476166,
   0.0,
   0.03402134031057358,
   -0.18048767745494843,
   -0.9829885959625244,
   0.0,
   -0.004154032561928034,
   0.9835240840911865,
   -0.18072974681854248,
   0.0,
   0.010611115954816341,
   0.29950082302093506,
   0.7079542279243469,
   1.0
  ],
  [
   0.998170018196106,
   0.005330162588506937,
   0.060234058648347855,
   0.0,
   0.05621982365846634,
   0.2850244641304016,
   -0.9568700790405273,
   0.0,
   -0.022268453612923622,
   0.9585054516792297,
   0.28420326113700867,
   0.0,
   -0.013609816320240498,
   -0.16395409405231476,
   0.9834370613098145,
   1.0
  ],
  [
   0.9491218328475952,
   -0.2943277657032013,
   -0.11197613179683685,
   0.0,
   -0.17881165444850922,
   -0.21100999414920807,
   -0.960989773273468,
   0.0,
   0.2592179477214813,
   0.9321191906929016,
   -0.25290346145629883,
   0.0,
   0.3362235724925995,
   0.43641337752342224,
   1.1511359214782715,
   1.0
  ],
  [
   0.9999998807907104,
   1.1350838491352988e-07,
   3.661391545506376e-08,
   0.0,
   -3.303452089653547e-08,
   0.277113676071167,
   -0.960837185382843,
   0.0,
   -1.1454071113803366e-07,
   0.9608372449874878,
   0.2771136462688446,
   0.0,
   0.03980719670653343,
   -0.2537434995174408,
   1.4327077865600586,
   1.0
  ],
  [
   0.06435638666152954,
   0.04984590783715248,
   0.9966811537742615,
   0.0,
   0.9471710920333862,
   -0.31751617789268494,
   -0.045279793441295624,
   0.0,
   0.31420543789863586,
   0.9469419717788696,
   -0.06764677166938782,
   0.0,
   -1.1242542266845703,
   0.5947102904319763,
   0.10482563078403473,
   1.0
  ],
  [
   -0.22913220524787903,
   0.39136457443237305,
   0.8912532329559326,
   0.0,
   -0.039514899253845215,
   0.9111182689666748,
   -0.41024667024612427,
   0.0,
   -0.9725931286811829,
   -0.12921853363513947,
   -0.19330188632011414,
   0.0,
   -0.19122031331062317,
   -1.0829426050186157,
   0.7010969519615173,
   1.0
  ],
  [
   0.21122053265571594,
   0.1354605108499527,
   0.9680067896842957,
   0.0,
   0.9773423671722412,
   -0.015370475128293037,
   -0.2111068218946457,
   0.0,
   -0.013717913068830967,
   0.9906637668609619,
   -0.13563798367977142,
   0.0,
   -1.2298954725265503,
   0.22868619859218597,
   0.6687808632850647,
   1.0
  ],
  [
   -0.15348877012729645,
   0.28099772334098816,
   0.9473551511764526,
   0.0,
   0.9881465435028076,
   0.046415913850069046,
   0.14632999897003174,
   0.0,
   -0.0028539022896438837,
   0.9585855007171631,
   -0.28479132056236267,
   0.0,
   -1.4740906953811646,
   0.2306337207555771,
   0.3598252236843109,
   1.0
  ],
  [
   0.120987668633461,
   0.009267865680158138,
   -0.9926106333732605,
   0.0,
   -0.9834187030792236,
   -0.13496525585651398,
   -0.12112730741500854,
   0.0,
   -0.13509055972099304,
   0.990807056427002,
   -0.007214927114546299,
   0.0,
   1.2176458835601807,
