{
 "version": 5,
 "joints": [
  {
   "name": "Abdomen",
   "parent": -1,
   "rest_local": [
    0.9986171722412109,
    0.052540123462677,
    0.0018189692636951804,
    0.0,
    7.463920337613672e-05,
    -0.03601672127842903,
    0.9993512034416199,
    0.0,
    0.05257154256105423,
    -0.9979691505432129,
    -0.03597075119614601,
    0.0,
    -0.07347041368484497,
    2.9958298206329346,
    -0.2644774615764618,
    1.0
   ],
   "rest_world": [
    0.9986171722412109,
    0.052540123462677,
    0.0018189692636951804,
    0.0,
    7.463920337613672e-05,
    -0.03601672127842903,
    0.9993512034416199,
    0.0,
    0.05257154256105423,
    -0.9979691505432129,
    -0.03597075119614601,
    0.0,
    -0.07347041368484497,
    2.9958298206329346,
    -0.2644774615764618,
    1.0
   ],
   "constraints": [],
   "collider": {
    "shape": "none",
    "params": [
     0.0,
     0.0,
     0.0,
     0.0,
     0.0,
     0.0
    ],
    "ccd": false,
    "kinematic": false,
    "mass": 4.0,
    "hull_offset": 0,
    "hull_count": 0,
    "collision_group": 0
   },
   "joint_desc": {
    "type": 0,
    "axis": [
     0.0,
     1.0,
     0.0
    ],
    "rest_length": 0.0,
    "limit_min": [
     0.0,
     0.0,
     0.0
    ],
    "limit_max": [
     0.0,
     0.0,
     0.0
    ],
    "limit_axes": 0
   }
  },
  {
   "name": "Ribcage",
   "parent": 0,
   "rest_local": [
    0.9977123141288757,
    0.00467664422467351,
    0.06744131445884705,
    0.0,
    0.01604430004954338,
    0.952721357345581,
    -0.3034213185310364,
    0.0,
    -0.06567178666591644,
    0.3038092255592346,
    0.9504668116569519,
    0.0,
    -2.9744114726781845e-08,
    9.655195754021406e-09,
    -1.083818793296814,
    1.0
   ],
   "rest_world": [
    0.9998785257339478,
    -0.015052860602736473,
    0.0040625035762786865,
    0.0,
    0.00014189833018463105,
    0.26933419704437256,
    0.9630467295646667,
    0.0,
    -0.015590790659189224,
    -0.9629291892051697,
    0.26930364966392517,
    0.0,
    -0.13044846057891846,
    4.077447891235352,
    -0.22549167275428772,
    1.0
   ],
   "constraints": [],
   "collider": {
    "shape": "convex_hull",
    "params": [
     0.0,
     0.0,
     0.0,
     0.0,
     0.0,
     0.0
    ],
    "ccd": false,
    "kinematic": false,
    "mass": 3.0,
    "hull_offset": 0,
    "hull_count": 26,
    "collision_group": 0
   },
   "joint_desc": {
    "type": 1,
    "axis": [
     0.0,
     1.0,
     0.0
    ],
    "rest_length": 0.0,
    "limit_min": [
     0.0,
     0.0,
     0.0
    ],
    "limit_max": [
     0.0,
     0.0,
     0.0
    ],
    "limit_axes": 0
   }
  },
  {
   "name": "Neck",
   "parent": 1,
   "rest_local": [
    0.942674458026886,
    0.31202206015586853,
    0.11835235357284546,
    0.0,
    -0.29727280139923096,
    0.623999834060669,
    0.7226707935333252,
    0.0,
    0.15163736045360565,
    -0.7164260745048523,
    0.6809842586517334,
    0.0,
    3.958120942115784e-09,
    -3.0126102501526475e-08,
    -0.8224259614944458,
    1.0
   ],
   "rest_world": [
    0.9407589435577393,
    -0.04411666840314865,
    0.33619415760040283,
    0.0,
    -0.30841514468193054,
    -0.5233415365219116,
    0.7943511605262756,
    0.0,
    0.14090019464492798,
    -0.8509802222251892,
    -0.5059442520141602,
    0.0,
    -0.11762619018554688,
    4.869385719299316,
    -0.44697391986846924,
    1.0
   ],
   "constraints": [],
   "collider": {
    "shape": "none",
    "params": [
     0.0,
     0.0,
     0.0,
     0.0,
     0.0,
     0.0
    ],
    "ccd": false,
    "kinematic": false,
    "mass": 0.0,
    "hull_offset": 0,
    "hull_count": 0,
    "collision_group": 0
   },
   "joint_desc": {
    "type": 1,
    "axis": [
     0.0,
     1.0,
     0.0
    ],
    "rest_length": 0.0,
    "limit_min": [
     0.0,
     0.0,
     0.0
    ],
    "limit_max": [
     0.0,
     0.0,
     0.0
    ],
    "limit_axes": 0
   }
  },
  {
   "name": "Head",
   "parent": 2,
   "rest_local": [
    0.9407587647438049,
    -0.30841517448425293,
    0.14090022444725037,
    0.0,
    0.33619415760040283,
    0.7943512797355652,
    -0.5059441924095154,
    0.0,
    0.04411661997437477,
    0.5233412981033325,
    0.8509803414344788,
    0.0,
    7.450580596923828e-09,
    -2.644956111907959e-07,
    -0.30882489681243896,
    1.0
   ],
   "rest_world": [
    1.0,
    4.470348358154297e-08,
    -1.4901161193847656e-08,
    0.0,
    5.960464477539063e-08,
    -2.980232238769531e-07,
    0.9999999403953552,
    0.0,
    1.4901161193847656e-08,
    -1.0,
    -1.1920928955078125e-07,
    0.0,
    -0.16113969683647156,
    5.132189750671387,
    -0.2907256484031677,
    1.0
   ],
   "constraints": [],
   "collider": {
    "shape": "convex_hull",
    "params": [
     0.0,
     0.0,
     0.0,
     0.0,
     0.0,
     0.0
    ],
    "ccd": false,
    "kinematic": false,
    "mass": 2.0,
    "hull_offset": 26,
    "hull_count": 26,
    "collision_group": 5
   },
   "joint_desc": {
    "type": 1,
    "axis": [
     0.0,
     1.0,
     0.0
    ],
    "rest_length": 0.0,
    "limit_min": [
     0.0,
     0.0,
     0.0
    ],
    "limit_max": [
     0.0,
     0.0,
     0.0
    ],
    "limit_axes": 0
   }
  },
  {
   "name": "Clav.R",
   "parent": 1,
   "rest_local": [
    -0.29208502173423767,
    0.25213950872421265,
    -0.9225570559501648,
    0.0,
    -0.0643758550286293,
    0.9572511911392212,
    0.2820032835006714,
    0.0,
    0.9542230367660522,
    0.14175951480865479,
    -0.2633674442768097,
    0.0,
    -0.37914466857910156,
    0.007836547680199146,
    -0.7655050754547119,
    1.0
   ],
   "rest_world": [
    -0.27763035893440247,
    0.9606636762619019,
    -0.00681246817111969,
    0.0,
    -0.06862885504961014,
    -0.012759655714035034,
    0.9975606203079224,
    0.0,
    0.9582332968711853,
    0.27742111682891846,
    0.06947174668312073,
    0.0,
    -0.4976111054420471,
    4.82239294052124,
    -0.4256383180618286,
    1.0
   ],
   "constraints": [],
   "collider": {
    "shape": "none",
    "params": [
     0.0,
     0.0,
     0.0,
     0.0,
     0.0,
     0.0
    ],
    "ccd": false,
    "kinematic": false,
    "mass": 0.0,
    "hull_offset": 0,
    "hull_count": 0,
    "collision_group": 0
   },
   "joint_desc": {
    "type": 1,
    "axis": [
     0.0,
     1.0,
     0.0
    ],
    "rest_length": 0.0,
    "limit_min": [
     0.0,
     0.0,
     0.0
    ],
    "limit_max": [
     0.0,
     0.0,
     0.0
    ],
    "limit_axes": 0
   }
  },
  {
   "name": "UArm.R",
   "parent": 4,
   "rest_local": [
    0.02248368412256241,
    -0.9546764492988586,
    -0.29679495096206665,
    0.0,
    0.9116964936256409,
    -0.10224205255508423,
    0.39793941378593445,
    0.0,
    -0.41024836897850037,
    -0.2795340418815613,
    0.868076503276825,
    0.0,
    3.2852403819561005e-07,
    7.450580596923828e-09,
    -0.28557005524635315,
    1.0
   ],
   "rest_world": [
    -0.2251226007938385,
    -0.04855658859014511,
    -0.9731196761131287,
    0.0,
    0.1352209448814392,
    0.9875351190567017,
    -0.08055800199508667,
    0.0,
    0.9649012684822083,
    -0.1497211903333664,
    -0.2157505452632904,
    0.0,
    -0.7712538242340088,
    4.743169784545898,
    -0.44547736644744873,
    1.0
   ],
   "constraints": [],
   "collider": {
    "shape": "convex_hull",
    "params": [
     0.0,
     0.0,
     0.0,
     0.0,
     0.0,
     0.0
    ],
    "ccd": false,
    "kinematic": false,
    "mass": 2.0,
    "hull_offset": 52,
    "hull_count": 26,
    "collision_group": 4
   },
   "joint_desc": {
    "type": 1,
    "axis": [
     0.0,
     1.0,
     0.0
    ],
    "rest_length": 0.0,
    "limit_min": [
     0.0,
     0.0,
     0.0
    ],
    "limit_max": [
     0.0,
     0.0,
     0.0
    ],
    "limit_axes": 0
   }
  },
  {
   "name": "FArm.R",
   "parent": 5,
   "rest_local": [
    -0.10304829478263855,
    0.9804770946502686,
    0.1674693077802658,
    0.0,
    -0.9723478555679321,
    -0.13477081060409546,
    0.19072690606117249,
    0.0,
    0.20957331359386444,
    -0.14318431913852692,
    0.9672526717185974,
    0.0,
    4.470348358154297e-08,
    2.682209014892578e-07,
    -0.48477962613105774,
    1.0
   ],
   "rest_world": [
    0.3173708915710449,
    0.9481855034828186,
    -0.014838546514511108,
    0.0,
    0.3847062587738037,
    -0.11443286389112473,
    0.915918231010437,
    0.0,
    0.866762101650238,
    -0.2963939309120178,
    -0.4010905623435974,
    0.0,
    -1.239018201828003,
    4.815751552581787,
    -0.3408859372138977,
    1.0
   ],
   "constraints": [],
   "collider": {
    "shape": "convex_hull",
    "params": [
     0.0,
     0.0,
     0.0,
     0.0,
     0.0,
     0.0
    ],
    "ccd": false,
    "kinematic": false,
    "mass": 1.0,
    "hull_offset": 78,
    "hull_count": 25,
    "collision_group": 4
   },
   "joint_desc": {
    "type": 1,
    "axis": [
     0.0,
     1.0,
     0.0
    ],
    "rest_length": 0.0,
    "limit_min": [
     0.0,
     0.0,
     0.0
    ],
    "limit_max": [
     0.0,
     0.0,
     0.0
    ],
    "limit_axes": 0
   }
  },
  {
   "name": "Hand.R",
   "parent": 6,
   "rest_local": [
    0.9636321663856506,
    -0.06641519069671631,
    -0.25884780287742615,
    0.0,
    -0.06438285857439041,
    0.8823930025100708,
    -0.46608731150627136,
    0.0,
    0.25936073064804077,
    0.46580204367637634,
    0.8460261821746826,
    0.0,
    -1.5390105545520782e-07,
    -1.043081283569336e-07,
    -0.6527299880981445,
    1.0
   ],
   "rest_world": [
    0.055918946862220764,
    0.9980230331420898,
    0.028691641986370087,
    0.0,
    -0.08495792746543884,
    -0.023876212537288666,
    0.9960983991622925,
    0.0,
    0.9948139190673828,
    -0.05813795328140259,
    0.08345493674278259,
    0.0,
    -1.8047800064086914,
    5.009216785430908,
    -0.07908204197883606,
    1.0
   ],
   "constraints": [],
   "collider": {
    "shape": "convex_hull",
    "params": [
     0.0,
     0.0,
     0.0,
     0.0,
     0.0,
     0.0
    ],
    "ccd": true,
    "kinematic": false,
    "mass": 1.0,
    "hull_offset": 103,
    "hull_count": 26,
    "collision_group": 4
   },
   "joint_desc": {
    "type": 1,
    "axis": [
     0.0,
     1.0,
     0.0
    ],
    "rest_length": 0.0,
    "limit_min": [
     0.0,
     0.0,
     0.0
    ],
    "limit_max": [
     0.0,
     0.0,
     0.0
    ],
    "limit_axes": 0
   }
  },
  {
   "name": "Clav.L",
   "parent": 1,
   "rest_local": [
    0.005243747960776091,
    -0.27295660972595215,
    0.9620118737220764,
    0.0,
    -0.12200520932674408,
    0.9546634554862976,
    0.2715366780757904,
    0.0,
    -0.9925156831741333,
    -0.11879434436559677,
    -0.028296176344156265,
    0.0,
    0.3080938458442688,
    -0.01702929101884365,
    -0.7574003338813782,
    1.0
   ],
   "rest_world": [
    -0.009794147685170174,
    -0.9999448657035828,
    -0.003775358200073242,
    0.0,
    -0.12608839571475983,
    -0.002510547637939453,
    0.9920157194137573,
    0.0,
    -0.9919707775115967,
    0.010192036628723145,
    -0.12605686485767365,
    0.0,
    0.18941399455070496,
    4.79754638671875,
    -0.4446106553077698,
    1.0
   ],
   "constraints": [],
   "collider": {
    "shape": "none",
    "params": [
     0.0,
     0.0,
     0.0,
     0.0,
     0.0,
     0.0
    ],
    "ccd": false,
    "kinematic": false,
    "mass": 0.0,
    "hull_offset": 0,
    "hull_count": 0,
    "collision_group": 0
   },
   "joint_desc": {
    "type": 1,
    "axis": [
     0.0,
     1.0,
     0.0
    ],
    "rest_length": 0.0,
    "limit_min": [
     0.0,
     0.0,
     0.0
    ],
    "limit_max": [
     0.0,
     0.0,
     0.0
    ],
    "limit_axes": 0
   }
  },
  {
   "name": "UArm.L",
   "parent": 8,
   "rest_local": [
    0.9562585353851318,
    -0.025319678708910942,
    -0.29142507910728455,
    0.0,
    -0.03642351180315018,
    0.9781877398490906,
    -0.20450429618358612,
    0.0,
    0.2902463972568512,
    0.20617368817329407,
    0.9344779849052429,
    0.0,
    5.855690687894821e-08,
    2.421438694000244e-08,
    -0.29975366592407227,
    1.0
   ],
   "rest_world": [
    0.2829119563102722,
    -0.9591124653816223,
    0.008008396252989769,
    0.0,
    0.07988090813159943,
    0.03188139945268631,
    0.996294379234314,
    0.0,
    -0.9558137655258179,
    -0.28122377395629883,
    0.08563438802957535,
    0.0,
    0.4867608845233917,
    4.794491291046143,
    -0.40682464838027954,
    1.0
   ],
   "constraints": [],
   "collider": {
    "shape": "convex_hull",
    "params": [
     0.0,
     0.0,
     0.0,
     0.0,
     0.0,
     0.0
    ],
    "ccd": false,
    "kinematic": false,
    "mass": 2.0,
    "hull_offset": 129,
    "hull_count": 26,
    "collision_group": 4
   },
   "joint_desc": {
    "type": 1,
    "axis": [
     0.0,
     1.0,
     0.0
    ],
    "rest_length": 0.0,
    "limit_min": [
     0.0,
     0.0,
     0.0
    ],
    "limit_max": [
     0.0,
     0.0,
     0.0
    ],
    "limit_axes": 0
   }
  },
  {
   "name": "FArm.L",
   "parent": 9,
   "rest_local": [
    0.9943963289260864,
    -0.016965098679065704,
    0.10434599220752716,
    0.0,
    0.007949123159050941,
    0.9962443113327026,
    0.08622089773416519,
    0.0,
    -0.10541681945323944,
    -0.08490827679634094,
    0.9907965660095215,
    0.0,
    -2.8405338525772095e-08,
    -1.4901161193847656e-08,
    -0.47263777256011963,
    1.0
   ],
   "rest_world": [
    0.1802361160516739,
    -0.9836233854293823,
    -3.1068921089172363e-06,
    0.0,
    -0.0005813166499137878,
    -0.00010980665683746338,
    0.9999997019767761,
    0.0,
    -0.983623206615448,
    -0.18023596704006195,
    -0.0005916059017181396,
    0.0,
    0.9385143518447876,
    4.927408218383789,
    -0.44729867577552795,
    1.0
   ],
   "constraints": [],
   "collider": {
    "shape": "convex_hull",
    "params": [
     0.0,
     0.0,
     0.0,
     0.0,
     0.0,
     0.0
    ],
    "ccd": false,
    "kinematic": false,
    "mass": 1.0,
    "hull_offset": 155,
    "hull_count": 25,
    "collision_group": 4
   },
   "joint_desc": {
    "type": 1,
    "axis": [
     0.0,
     1.0,
     0.0
    ],
    "rest_length": 0.0,
    "limit_min": [
     0.0,
     0.0,
     0.0
    ],
    "limit_max": [
     0.0,
     0.0,
     0.0
    ],
    "limit_axes": 0
   }
  },
  {
   "name": "Hand.L",
   "parent": 10,
   "rest_local": [
    0.982587456703186,
    0.00010936047328868881,
    0.18580013513565063,
    0.0,
    4.130927845835686e-05,
    0.9999997019767761,
    -0.0008070522453635931,
    0.0,
    -0.18580017983913422,
    0.00080067478120327,
    0.9825872182846069,
    0.0,
    4.435196387930773e-08,
    -1.7578713595867157e-08,
    -0.8338618874549866,
    1.0
   ],
   "rest_world": [
    -0.005659658927470446,
    -0.9999839067459106,
    -3.6128185456618667e-06,
    0.0,
    0.00021996424766257405,
    -4.979563527740538e-06,
    0.9999998807907104,
    0.0,
    -0.9999840259552002,
    0.005659760441631079,
    0.00021994736744090915,
    0.0,
    1.7587203979492188,
    5.077700138092041,
    -0.44680535793304443,
    1.0
   ],
   "constraints": [],
   "collider": {
    "shape": "convex_hull",
    "params": [
     0.0,
     0.0,
     0.0,
     0.0,
     0.0,
     0.0
    ],
    "ccd": true,
    "kinematic": false,
    "mass": 1.0,
    "hull_offset": 180,
    "hull_count": 26,
    "collision_group": 4
   },
   "joint_desc": {
    "type": 1,
    "axis": [
     0.0,
     1.0,
     0.0
    ],
    "rest_length": 0.0,
    "limit_min": [
     0.0,
     0.0,
     0.0
    ],
    "limit_max": [
     0.0,
     0.0,
     0.0
    ],
    "limit_axes": 0
   }
  },
  {
   "name": "Pelvis.R",
   "parent": 0,
   "rest_local": [
    -0.0018188122194260359,
    -0.9993510246276855,
    0.03597050532698631,
    0.0,
    0.2604309022426605,
    -0.03520267829298973,
    -0.9648504853248596,
    0.0,
    0.9654906392097473,
    0.007612887304276228,
    0.26032590866088867,
    0.0,
    -0.07371290773153305,
    0.08574603497982025,
    -0.005895428359508514,
    1.0
   ],
   "rest_world": [
    1.3680983101949096e-07,
    3.3527612686157227e-07,
    -0.9999998807907104,
    0.0,
    0.20934447646141052,
    0.9778420329093933,
    2.7567148208618164e-07,
    0.0,
    0.977841854095459,
    -0.20934441685676575,
    2.7474015951156616e-08,
    0.0,
    -0.147384911775589,
    2.9947524070739746,
    -0.17870907485485077,
    1.0
   ],
   "constraints": [],
   "collider": {
    "shape": "convex_hull",
    "params": [
     0.0,
     0.0,
     0.0,
     0.0,
     0.0,
     0.0
    ],
    "ccd": false,
    "kinematic": false,
    "mass": 0.0,
    "hull_offset": 206,
    "hull_count": 25,
    "collision_group": 0
   },
   "joint_desc": {
    "type": 1,
    "axis": [
     0.0,
     1.0,
     0.0
    ],
    "rest_length": 0.0,
    "limit_min": [
     0.0,
     0.0,
     0.0
    ],
    "limit_max": [
     0.0,
     0.0,
     0.0
    ],
    "limit_axes": 0
   }
  },
  {
   "name": "Thigh.R",
   "parent": 12,
   "rest_local": [
    0.9938190579414368,
    -0.10472346097230911,
    -0.03683042526245117,
    0.0,
    -0.005063578486442566,
    0.28866320848464966,
    -0.957417368888855,
    0.0,
    0.11089564114809036,
    0.9516862034797668,
    0.28634873032569885,
    0.0,
    7.884263908408684e-09,
    -1.0096045599539138e-07,
    -0.35458528995513916,
    1.0
   ],
   "rest_world": [
    -0.05793747305870056,
    -0.0946924239397049,
    -0.993818998336792,
    0.0,
    -0.8757727146148682,
    0.4826969802379608,
    0.005063631106168032,
    0.0,
    0.4792340397834778,
    0.8706532716751099,
    -0.11089535802602768,
    0.0,
    -0.49411317706108093,
    3.0689828395843506,
    -0.17870908975601196,
    1.0
   ],
   "constraints": [],
   "collider": {
    "shape": "convex_hull",
    "params": [
     0.0,
     0.0,
     0.0,
     0.0,
     0.0,
     0.0
    ],
    "ccd": false,
    "kinematic": false,
    "mass": 2.0,
    "hull_offset": 231,
    "hull_count": 26,
    "collision_group": 2
   },
   "joint_desc": {
    "type": 1,
    "axis": [
     0.0,
     1.0,
     0.0
    ],
    "rest_length": 0.0,
    "limit_min": [
     0.0,
     0.0,
     0.0
    ],
    "limit_max": [
     0.0,
     0.0,
     0.0
    ],
    "limit_axes": 0
   }
  },
  {
   "name": "Calf.R",
   "parent": 13,
   "rest_local": [
    0.9485578536987305,
    0.001642532180994749,
    0.31659960746765137,
    0.0,
    -0.007805785164237022,
    0.9998038411140442,
    0.018199676647782326,
    0.0,
    -0.3165076971054077,
    -0.01973479613661766,
    0.9483845233917236,
    0.0,
    -2.60770320892334e-08,
    1.0943040251731873e-07,
    -1.084476113319397,
    1.0
   ],
   "rest_world": [
    0.09532978385686874,
    0.1866201013326645,
    -0.9777959585189819,
    0.0,
    -0.8664268255233765,
    0.4991871118545532,
    0.010801907628774643,
    0.0,
    0.49011901021003723,
    0.8461591005325317,
    0.20927998423576355,
    0.0,
    -1.0138311386108398,
    2.1247801780700684,
    -0.058445706963539124,
    1.0
   ],
   "constraints": [],
   "collider": {
    "shape": "convex_hull",
    "params": [
     0.0,
     0.0,
     0.0,
     0.0,
     0.0,
     0.0
    ],
    "ccd": false,
    "kinematic": false,
    "mass": 3.0,
    "hull_offset": 257,
    "hull_count": 26,
    "collision_group": 2
   },
   "joint_desc": {
    "type": 1,
    "axis": [
     0.0,
     1.0,
     0.0
    ],
    "rest_length": 0.0,
    "limit_min": [
     0.0,
     0.0,
     0.0
    ],
    "limit_max": [
     0.0,
     0.0,
     0.0
    ],
    "limit_axes": 0
   }
  },
  {
   "name": "Foot.R",
   "parent": 14,
   "rest_local": [
    -0.09469608217477798,
    -0.3359141945838928,
    -0.937120258808136,
    0.0,
    -0.30203449726104736,
    0.9066736102104187,
    -0.2944798171520233,
    0.0,
    0.9485819339752197,
    0.255156546831131,
    -0.1873161494731903,
    0.0,
    -5.960464477539063e-08,
    -2.1979212760925293e-07,
    -1.639305591583252,
    1.0
   ],
   "rest_world": [
    -0.17728275060653687,
    -0.9783089756965637,
    -0.10715557634830475,
    0.0,
    -0.9586893320083618,
    0.14705729484558105,
    0.2434931844472885,
    0.0,
    -0.22245356440544128,
    0.1458960473537445,
    -0.9639648795127869,
    0.0,
    -1.8172857761383057,
    0.7376670837402344,
    -0.4015194773674011,
    1.0
   ],
   "constraints": [],
   "collider": {
    "shape": "convex_hull",
    "params": [
     0.0,
     0.0,
     0.0,
     0.0,
     0.0,
     0.0
    ],
    "ccd": true,
    "kinematic": false,
    "mass": 2.0,
    "hull_offset": 283,
    "hull_count": 24,
    "collision_group": 2
   },
   "joint_desc": {
    "type": 1,
    "axis": [
     0.0,
     1.0,
     0.0
    ],
    "rest_length": 0.0,
    "limit_min": [
     0.0,
     0.0,
     0.0
    ],
    "limit_max": [
     0.0,
     0.0,
     0.0
    ],
    "limit_axes": 0
   }
  },
  {
   "name": "Pelvis.L",
   "parent": 0,
   "rest_local": [
    -0.006118583492934704,
    0.999355137348175,
    -0.035375189036130905,
    0.0,
    -0.1074146255850792,
    -0.035827990621328354,
    -0.9935683012008667,
    0.0,
    -0.9941952228546143,
    -0.0022795877885073423,
    0.10756456851959229,
    0.0,
    -0.003907610662281513,
    0.0857512503862381,
    -0.002220574300736189,
    1.0
   ],
   "rest_world": [
    -0.00789525918662548,
    -0.0010116249322891235,
    0.9999681711196899,
    0.0,
    -0.15950217843055725,
    0.9871973991394043,
    -0.0002607293426990509,
    0.0,
    -0.9871657490730286,
    -0.1594991534948349,
    -0.007955697365105152,
    0.0,
    -0.07748294621706009,
    2.9947524070739746,
    -0.17870907485485077,
    1.0
   ],
   "constraints": [],
   "collider": {
    "shape": "none",
    "params": [
     0.0,
     0.0,
     0.0,
     0.0,
     0.0,
     0.0
    ],
    "ccd": false,
    "kinematic": false,
    "mass": 0.0,
    "hull_offset": 0,
    "hull_count": 0,
    "collision_group": 0
   },
   "joint_desc": {
    "type": 1,
    "axis": [
     0.0,
     1.0,
     0.0
    ],
    "rest_length": 0.0,
    "limit_min": [
     0.0,
     0.0,
     0.0
    ],
    "limit_max": [
     0.0,
     0.0,
     0.0
    ],
    "limit_axes": 0
   }
  },
  {
   "name": "Thigh.L",
   "parent": 16,
   "rest_local": [
    0.9999504685401917,
    -0.00416821101680398,
    -0.009034143760800362,
    0.0,
    -0.007589495740830898,
    0.2675801217556,
    -0.963505744934082,
    0.0,
    0.006433452945202589,
    0.9635266065597534,
    0.2675352990627289,
    0.0,
    1.862645149230957e-09,
    2.0761945052072406e-08,
    -0.5067740678787231,
    1.0
   ],
   "rest_world": [
    0.0016881676856428385,
    -0.0036854837089776993,
    0.9999915957450867,
    0.0,
    0.9085201621055603,
    0.4178404211997986,
    6.340756954159588e-06,
    0.0,
    -0.4178370535373688,
    0.9085127711296082,
    0.004053598269820213,
    0.0,
    0.422787070274353,
    3.075582504272461,
    -0.17467732727527618,
    1.0
   ],
   "constraints": [],
   "collider": {
    "shape": "convex_hull",
    "params": [
     0.0,
     0.0,
     0.0,
     0.0,
     0.0,
     0.0
    ],
    "ccd": false,
    "kinematic": false,
    "mass": 2.0,
    "hull_offset": 307,
    "hull_count": 26,
    "collision_group": 1
   },
   "joint_desc": {
    "type": 1,
    "axis": [
     0.0,
     1.0,
     0.0
    ],
    "rest_length": 0.0,
    "limit_min": [
     0.0,
     0.0,
     0.0
    ],
    "limit_max": [
     0.0,
     0.0,
     0.0
    ],
    "limit_axes": 0
   }
  },
  {
   "name": "Calf.L",
   "parent": 17,
   "rest_local": [
    0.978137731552124,
    0.008906323462724686,
    -0.20776692032814026,
    0.0,
    0.01343829557299614,
    0.9942872524261475,
    0.10588765144348145,
    0.0,
    0.20752310752868652,
    -0.10636472702026367,
    0.9724302887916565,
    0.0,
    -1.3969838619232178e-09,
    -3.862101038976107e-08,
    -1.0650243759155273,
    1.0
   ],
   "rest_world": [
    0.09655555337667465,
    -0.18864239752292633,
    0.9772874116897583,
    0.0,
    0.8591089248657227,
    0.5116041302680969,
    0.013873713091015816,
    0.0,
    -0.5026015639305115,
    0.8382570147514343,
    0.21146252751350403,
    0.0,
    0.8677935600280762,
    2.107994556427002,
    -0.17899450659751892,
    1.0
   ],
   "constraints": [],
   "collider": {
    "shape": "convex_hull",
    "params": [
     0.0,
     0.0,
     0.0,
     0.0,
     0.0,
     0.0
    ],
    "ccd": false,
    "kinematic": false,
    "mass": 3.0,
    "hull_offset": 333,
    "hull_count": 26,
    "collision_group": 1
   },
   "joint_desc": {
    "type": 1,
    "axis": [
     0.0,
     1.0,
     0.0
    ],
    "rest_length": 0.0,
    "limit_min": [
     0.0,
     0.0,
     0.0
    ],
    "limit_max": [
     0.0,
     0.0,
     0.0
    ],
    "limit_axes": 0
   }
  },
  {
   "name": "Foot.L",
   "parent": 18,
   "rest_local": [
    -0.012520680204033852,
    0.3282102048397064,
    0.9445215463638306,
    0.0,
    0.12975791096687317,
    0.9371418952941895,
    -0.3239257037639618,
    0.0,
    -0.9914665818214417,
    0.1185033842921257,
    -0.05432165414094925,
    0.0,
    -2.9802322387695312e-08,
    1.1362135410308838e-07,
    -1.5697906017303467,
    1.0
   ],
   "rest_world": [
    -0.19395864009857178,
    0.9620274901390076,
    0.1920480877161026,
    0.0,
    0.9804413914680481,
    0.18343481421470642,
    0.0713142678141594,
    0.0,
    0.03337787091732025,
    0.20212392508983612,
    -0.9787907004356384,
    0.0,
    1.6567728519439697,
    0.7921065092086792,
    -0.5109463930130005,
    1.0
   ],
   "constraints": [],
   "collider": {
    "shape": "convex_hull",
    "params": [
     0.0,
     0.0,
     0.0,
     0.0,
     0.0,
     0.0
    ],
    "ccd": true,
    "kinematic": false,
    "mass": 2.0,
    "hull_offset": 359,
    "hull_count": 25,
    "collision_group": 1
   },
   "joint_desc": {
    "type": 1,
    "axis": [
     0.0,
     1.0,
     0.0
    ],
    "rest_length": 0.0,
    "limit_min": [
     0.0,
     0.0,
     0.0
    ],
    "limit_max": [
     0.0,
     0.0,
     0.0
    ],
    "limit_axes": 0
   }
  }
 ],
 "ibms": [
  [
   0.9986171126365662,
   7.46325749787502e-05,
   0.05257154256105423,
   0.0,
   0.05254011228680611,
   -0.03601663187146187,
   -0.9979690313339233,
   0.0,
   0.0018189667025581002,
   0.9993511438369751,
   -0.035970836877822876,
   0.0,
   -0.34631994366645813,
   -2.3705880641937256,
   2.92238712310791,
   1.0
  ],
  [
   0.9998784065246582,
   0.00014188697969075292,
   -0.01559077762067318,
   0.0,
   -0.015052871778607368,
   0.26933422684669495,
   -0.9629290103912354,
   0.0,
   0.004062494728714228,
   0.9630467891693115,
   0.2693035900592804,
   0.0,
   -0.08643020689487457,
   -3.479635000228882,
   3.110302686691284,
   1.0
  ],
  [
   0.9407587647438049,
   -0.30841514468193054,
   0.14090025424957275,
   0.0,
   -0.04411664605140686,
   -0.5233414173126221,
   -0.850980281829834,
   0.0,
   0.33619412779808044,
   0.7943512201309204,
   -0.5059444904327393,
   0.0,
   -0.7017505764961243,
   0.6964700222015381,
   5.157922744750977,
   1.0
  ],
  [
   1.0,
   1.4901168299275014e-08,
   4.470348002882929e-08,
   0.0,
   1.4901170075631853e-08,
   -1.1920930376163597e-07,
   -1.0,
   0.0,
   -5.960464477539063e-08,
   1.0000001192092896,
   -2.9802325229866256e-07,
   0.0,
   -0.10471422970294952,
   -2.448551893234253,
   4.985628128051758,
   1.0
  ],
  [
   -0.27763089537620544,
   -0.06862892210483551,
   0.9582335948944092,
   0.0,
   0.9606637954711914,
   -0.01275953371077776,
   0.27742069959640503,
   0.0,
   -0.006812368985265493,
   0.9975606799125671,
   0.06947173178195953,
   0.0,
   -4.540482044219971,
   -2.26423978805542,
   -1.2358272075653076,
   1.0
  ],
  [
   -0.2251226007938385,
   0.13522060215473175,
   0.9649019837379456,
   0.0,
   -0.048556555062532425,
   0.987535297870636,
   -0.1497216671705246,
   0.0,
   -0.973119854927063,
   -0.08055797964334488,
   -0.21575072407722473,
   0.0,
   2.3415610790252686,
   -4.286187171936035,
   1.6707621812820435,
   1.0
  ],
  [
   0.31737056374549866,
   0.38470637798309326,
   0.8667625188827515,
   0.0,
   0.948185384273529,
   -0.11443299055099487,
   -0.2963942885398865,
   0.0,
   -0.014838533475995064,
   0.9159181714057922,
   -0.4010906219482422,
   0.0,
   -4.0828142166137695,
   -1.2880390882492065,
   3.1893956661224365,
   1.0
  ],
  [
   0.05591854825615883,
   -0.0849580466747284,
   0.994814395904541,
   0.0,
   0.9980229139328003,
   -0.023876138031482697,
   -0.058138374239206314,
   0.0,
   0.028691677376627922,
   0.9960984587669373,
   0.08345486223697662,
   0.0,
   -4.843310356140137,
   -2.664459705352783,
   1.5916461944580078,
   1.0
  ],
  [
   -0.009794188663363457,
   -0.12608839571475983,
   -0.9919704794883728,
   0.0,
   -0.9999449253082275,
   -0.0025104256346821785,
   0.01019197702407837,
   0.0,
   -0.00377548742108047,
   0.9920158982276917,
   -0.12605684995651245,
   0.0,
   4.6638503074646,
   -2.207266330718994,
   0.6934682726860046,
   1.0
  ],
  [
   0.28291183710098267,
   0.07988086342811584,
   -0.9558137655258179,
   0.0,
   -0.9591124653816223,
   0.031881529837846756,
   -0.28122392296791077,
   0.0,
   0.008008270524442196,
   0.9962945580482483,
   0.08563441038131714,
   0.0,
   4.226284027099609,
   -2.5321130752563477,
   1.8267298936843872,
   1.0
  ],
  [
   0.18023598194122314,
   -0.0005813575116917491,
   -0.983623206615448,
   0.0,
   -0.9836233854293823,
   -0.00010968477727146819,
   -0.1802360713481903,
   0.0,
   -3.234207269997569e-06,
   0.9999999403953552,
   -0.0005915878573432565,
   0.0,
   4.485488414764404,
   -2.290754556655884,
   2.0476815700531006,
   1.0
  ],
  [
   -0.005659761372953653,
   0.00021992341498844326,
   -0.9999839067459106,
   0.0,
   -0.999984085559845,
   -4.857588464801665e-06,
   0.005659657996147871,
   0.0,
   -3.734539404831594e-06,
   1.0000001192092896,
   0.00021998892771080136,
   0.0,
   4.942525863647461,
   -2.292893648147583,
   1.996128797531128,
   1.0
  ],
  [
   8.457554656615685e-08,
   0.20934443175792694,
   0.9778420925140381,
   0.0,
   2.638116427533532e-07,
   0.9778419137001038,
   -0.20934449136257172,
   0.0,
   -1.0000001192092896,
   3.564874759831582e-07,
   6.359020687796146e-08,
   0.0,
   2.5605685710906982,
   -2.8098809719085693,
   0.48040854930877686,
   1.0
  ],
  [
   -0.05793752521276474,
   -0.8757728338241577,
   0.4792340099811554,
   0.0,
   -0.09469248354434967,
   0.4826969504356384,
   0.8706530332565308,
   0.0,
   -0.9938193559646606,
   0.005063619930297136,
   -0.1108952984213829,
   0.0,
   2.808248996734619,
   -1.6235122680664062,
   -2.151069402694702,
   1.0
  ],
  [
   0.09532976150512695,
   -0.866426944732666,
   0.4901191294193268,
   0.0,
   0.1866200566291809,
   0.4991871416568756,
   0.8461591005325317,
   0.0,
   -0.9777962565422058,
   0.010801899246871471,
   0.2092801034450531,
   0.0,
   2.323436975479126,
   -1.664526343345642,
   -1.8683336973190308,
   1.0
  ],
  [
   -0.17728282511234283,
   -0.9586893916130066,
   -0.22245362401008606,
   0.0,
   -0.9783090353012085,
   0.14705725014209747,
   0.1458960920572281,
   0.0,
   -0.10715559870004654,
   0.2434932440519333,
   -0.9639654159545898,
   0.0,
   0.553744375705719,
   -2.143495559692383,
   1.8221567869186401,
   1.0
  ],
  [
   -0.007895435206592083,
   -0.15950220823287964,
   -0.9871662855148315,
   0.0,
   -0.0010115685872733593,
   0.9871976971626282,
   -0.15949924290180206,
   0.0,
   0.9999684691429138,
   -0.0002606457856018096,
   -0.007955540902912617,
   0.0,
   -2.556119918823242,
   -2.781013250350952,
   0.6606083512306213,
   1.0
  ],
  [
   0.0016879976028576493,
   0.9085206389427185,
   -0.4178371727466583,
   0.0,
   -0.0036854271311312914,
   0.4178406298160553,
   0.908513069152832,
   0.0,
   0.9999919533729553,
   6.209713319549337e-06,
   0.004053723532706499,
   0.0,
   -2.5549476146698,
   -1.8495241403579712,
   -2.3837087154388428,
   1.0
  ],
  [
   0.0965554267168045,
   0.8591094017028809,
   -0.5026018023490906,
   0.0,
   -0.18864241242408752,
   0.5116044282913208,
   0.8382573127746582,
   0.0,
   0.9772878289222717,
   0.013873601332306862,
   0.21146272122859955,
   0.0,
   -2.241584062576294,
   -2.012924909591675,
   -1.6158156394958496,
   1.0
  ],
  [
   -0.19395878911018372,
   0.9804420471191406,
   0.03337801620364189,
   0.0,
   0.9620281457901001,
   0.18343493342399597,
   0.20212410390377045,
   0.0,
   0.19204817712306976,
   0.07131417840719223,
   -0.9787912964820862,
   0.0,
   -0.6760678887367249,
   -2.162351131439209,
   1.9864180088043213,
   1.0
  ]
 ],
 "hull_vertices": [
  -0.04304954409599304,
  4.902487277984619,
  2.3003833293914795,
  -0.6578359603881836,
  4.759096145629883,
  2.500840187072754,
  -0.6788445711135864,
  4.640137672424316,
  2.5269129276275635,
  -0.6477276682853699,
  4.750001907348633,
  2.537914276123047,
  -0.596716582775116,
  4.664170742034912,
  2.378399610519409,
  -0.6386733055114746,
  4.753126621246338,
  2.454155206680298,
  -0.2842867374420166,
  3.6632792949676514,
  2.414047956466675,
  -0.6336150765419006,
  4.591481685638428,
  2.599569797515869,
  -0.35877686738967896,
  4.784989356994629,
  2.61904239654541,
  -0.3353232145309448,
  3.6628127098083496,
  2.5475919246673584,
  -0.27640700340270996,
  3.6769015789031982,
  2.7942304611206055,
  -0.12727847695350647,
  4.200492858886719,
  3.0232937335968018,
  0.01645241677761078,
  3.6793100833892822,
  2.888462543487549,
  0.3209467828273773,
  4.444708347320557,
  2.000431537628174,
  0.2391369640827179,
  4.865367412567139,
  2.1712288856506348,
  0.8992981314659119,
  4.748890399932861,
  2.329317569732666,
  0.911321222782135,
  4.759096145629883,
  2.363556385040283,
  0.9365381002426147,
  4.640137672424316,
  2.385584831237793,
  0.8803997039794922,
  4.688716888427734,
  2.2966859340667725,
  0.23853091895580292,
  3.639869451522827,
  2.1989622116088867,
  0.5548628568649292,
  3.645233631134033,
  2.3640384674072266,
  0.45274263620376587,
  3.6392102241516113,
  2.300567388534546,
  0.8863374590873718,
  4.749238967895508,
  2.4252049922943115,
  0.621289849281311,
  3.652474880218506,
  2.5598537921905518,
  0.5579631328582764,
  3.663425922393799,
  2.760638952255249,
  0.5415321588516235,
  4.2008466720581055,
  2.9463720321655273,
  0.3275763988494873,
  5.351481914520264,
  2.6862165927886963,
  0.3779603838920593,
  5.433023929595947,
  2.4822206497192383,
  0.14794233441352844,
  4.890871524810791,
  2.6628522872924805,
  0.19168873131275177,
  4.921072959899902,
  2.690640449523926,
  0.26643869280815125,
  4.957341194152832,
  2.5798699855804443,
  0.2936728000640869,
  5.506603240966797,
  2.6625466346740723,
  0.31547874212265015,
  5.583282470703125,
  2.4387969970703125,
  0.15319198369979858,
  5.1619553565979,
  2.7776005268096924,
  -0.04382610321044922,
  5.3427534103393555,
  2.692924976348877,
  0.14152970910072327,
  4.908955097198486,
  2.7031331062316895,
  0.0974825769662857,
  4.921352386474609,
  2.689164400100708,
  0.013959676027297974,
  4.96220064163208,
  2.590506076812744,
  -0.10323196649551392,
  5.435515880584717,
  2.4810330867767334,
  0.13319070637226105,
  5.529123783111572,
  2.6978394985198975,
  -0.01249915361404419,
  5.518818378448486,
  2.654172897338867,
  -0.04457220435142517,
  5.585299015045166,
  2.432783365249634,
  0.1326969414949417,
  5.663501739501953,
  2.433849334716797,
  0.2987848222255707,
  5.153344631195068,
  2.2726213932037354,
  0.12036548554897308,
  5.170612812042236,
  2.1873695850372314,
  0.25051599740982056,
  5.535729885101318,
  2.193042039871216,
  0.15067628026008606,
  5.561574459075928,
  2.196282386779785,
  0.25032055377960205,
  5.398484706878662,
  2.140001058578491,
  0.1282467246055603,
  5.354435443878174,
  2.113206386566162,
  -0.04289844632148743,
  5.161334037780762,
  2.277733087539673,
  -0.007502198219299316,
  5.528141975402832,
  2.1960272789001465,
  -0.014683157205581665,
  5.404072284698486,
  2.1520299911499023,
  -1.0419331789016724,
  4.674849033355713,
  2.570021390914917,
  -1.1098384857177734,
  4.788383483886719,
  2.542546510696411,
  -1.0315550565719604,
  4.873163223266602,
  2.549516201019287,
  -1.0003197193145752,
  4.8822126388549805,
  2.518913507461548,
  -1.0920242071151733,
  4.862766265869141,
  2.5428199768066406,
  -1.1259336471557617,
  4.808828830718994,
  2.5076723098754883,
  -1.1055612564086914,
  4.858419895172119,
  2.5181407928466797,
  -0.6661279201507568,
  4.668715953826904,
  2.647369861602783,
  -0.5397794842720032,
  4.802978992462158,
  2.527892827987671,
  -0.5399497151374817,
  4.804001808166504,
  2.5197010040283203,
  -1.0735751390457153,
  4.690609455108643,
  2.5275330543518066,
  -0.5441296100616455,
  4.5880537033081055,
  2.6400508880615234,
  -0.5524824261665344,
  4.556605815887451,
  2.6267921924591064,
  -0.468777596950531,
  4.490633964538574,
  2.508291482925415,
  -0.9327901601791382,
  4.847514629364014,
  2.4440531730651855,
  -1.107774257659912,
  4.839656352996826,
  2.4882965087890625,
  -0.5806398987770081,
  4.762018203735352,
  2.4130942821502686,
  -0.795196533203125,
  4.657600402832031,
  2.319375514984131,
  -1.1070796251296997,
  4.783999919891357,
  2.4641952514648438,
  -0.9225219488143921,
  4.608001708984375,
  2.3695921897888184,
  -0.600571870803833,
  4.519383907318115,
  2.410141706466675,
  -0.43937355279922485,
  4.5313029289245605,
  2.471365213394165,
  -0.4514951705932617,
  4.493833065032959,
  2.4801995754241943,
  -0.4482768177986145,
  4.504441738128662,
  2.462251663208008,
  -0.454284131526947,
  4.552171230316162,
  2.441758155822754,
  -0.5309600830078125,
  4.46744966506958,
  2.4968652725219727,
  -2.0008602142333984,
  4.933567047119141,
  2.6734964847564697,
  -1.9974018335342407,
  4.913650989532471,
  2.6879732608795166,
  -1.9904814958572388,
  4.907124042510986,
  2.692354917526245,
  -1.9150863885879517,
  4.916073799133301,
  2.712515354156494,
  -1.7466100454330444,
  4.982619285583496,
  2.5821053981781006,
  -1.5750292539596558,
  4.942772388458252,
  2.692718982696533,
  -1.0062074661254883,
  4.69212532043457,
  2.5802829265594482,
  -0.9572662115097046,
  4.698431491851807,
  2.564434766769409,
  -0.9520918130874634,
  4.737552642822266,
  2.5728759765625,
  -0.9503865242004395,
  4.8132781982421875,
  2.5439341068267822,
  -2.0188918113708496,
  4.939978122711182,
  2.614619016647339,
  -2.0078811645507812,
  4.9645280838012695,
  2.587162971496582,
  -2.010845184326172,
  4.937371730804443,
  2.6058640480041504,
  -2.0086402893066406,
  4.912752151489258,
  2.655778169631958,
  -1.0432801246643066,
  4.646123886108398,
  2.4020447731018066,
  -2.0069103240966797,
  4.973367214202881,
  2.594714879989624,
  -1.9984065294265747,
  4.977359771728516,
  2.58304762840271,
  -1.134419560432434,
  4.900449275970459,
  2.439345598220825,
  -1.0220682621002197,
  4.626952648162842,
  2.4433984756469727,
  -0.9551211595535278,
  4.652459621429443,
  2.4571986198425293,
  -0.9680804014205933,
  4.654202938079834,
  2.426457405090332,
  -0.9524273872375488,
  4.726931571960449,
  2.416665554046631,
  -1.0308575630187988,
  4.715847969055176,
  2.377870559692383,
  -0.9263683557510376,
  4.756390571594238,
  2.4881348609924316,
  -0.9371581077575684,
  4.842390060424805,
  2.4555628299713135,
  -1.7758599519729614,
  4.917205810546875,
  2.7260305881500244,
  -1.7793961763381958,
  4.901855945587158,
  2.724869966506958,
  -1.7588764429092407,
  4.9004693031311035,
  2.682821750640869,
  -1.7518640756607056,
  4.976635456085205,
  2.673746347427368,
  -1.7351080179214478,
  4.958913803100586,
  2.64973783493042,
  -1.7412139177322388,
  4.976922988891602,
  2.6455118656158447,
  -1.932519793510437,
  5.007422924041748,
  2.599459171295166,
  -1.776398777961731,
  4.974333763122559,
  2.54911208152771,
  -1.7747880220413208,
  4.968515396118164,
  2.5479676723480225,
  -1.7918435335159302,
  4.921332359313965,
  2.5504300594329834,
  -1.954168677330017,
  4.980231285095215,
