{
 "version": 5,
 "joints": [
  {
   "name": "Root",
   "parent": -1,
   "rest_local": [
    0.999023973941803,
    -0.04109766706824303,
    -0.016188638284802437,
    0.0,
    0.04119167476892471,
    0.7344887256622314,
    0.6773695945739746,
    0.0,
    -0.015947939828038216,
    -0.6773753762245178,
    0.7354646921157837,
    0.0,
    -0.004425525665283203,
    0.7357557415962219,
    0.002039170591160655,
    1.0
   ],
   "rest_world": [
    0.999023973941803,
    -0.04109766706824303,
    -0.016188638284802437,
    0.0,
    0.04119167476892471,
    0.7344887256622314,
    0.6773695945739746,
    0.0,
    -0.015947939828038216,
    -0.6773753762245178,
    0.7354646921157837,
    0.0,
    -0.004425525665283203,
    0.7357557415962219,
    0.002039170591160655,
    1.0
   ],
   "tail_pos": [
    -0.0030032414942979813,
    0.7961660623550415,
    -0.06355173885822296
   ],
   "constraints": [],
   "collider": {
    "shape": "point",
    "params": [
     0.0,
     0.0,
     0.0,
     0.0,
     0.0,
     0.0
    ],
    "ccd": false,
    "kinematic": false,
    "mass": 1.0,
    "hull_offset": 0,
    "hull_count": 0,
    "collision_group": 7
   },
   "joint_desc": {
    "type": 0,
    "axis": [
     0.0,
     1.0,
     0.0
    ],
    "rest_length": 0.0,
    "limit_min": [
     0.0,
     0.0,
     0.0
    ],
    "limit_max": [
     0.0,
     0.0,
     0.0
    ],
    "limit_axes": 0,
    "stiffness": 8000.0,
    "angular_compliance": 9.999999747378752e-06,
    "damping": 0.5,
    "yield_strength": 0.0,
    "break_strength": 0.0,
    "mass_scale": 5.0
   }
  },
  {
   "name": "Abdomen",
   "parent": 0,
   "rest_local": [
    0.9850957989692688,
    0.16515615582466125,
    -0.048057813197374344,
    0.0,
    -0.11677047610282898,
    0.8472711443901062,
    0.5181663036346436,
    0.0,
    0.12629637122154236,
    -0.5048316717147827,
    0.8539285063743591,
    0.0,
    4.656612873077393e-10,
    4.563480615615845e-08,
    -0.08918297290802002,
    1.0
   ],
   "rest_world": [
    0.9917038679122925,
    0.11337338387966156,
    0.0605795755982399,
    0.0,
    -0.09001968055963516,
    0.2761170268058777,
    0.956899106502533,
    0.0,
    0.09175984561443329,
    -0.9544138312339783,
    0.28403210639953613,
    0.0,
    -0.0030032414942979813,
    0.7961660623550415,
    -0.06355173140764236,
    1.0
   ],
   "tail_pos": [
    -0.02079978585243225,
    0.9812717437744141,
    -0.11863891035318375
   ],
   "constraints": [],
   "collider": {
    "shape": "box",
    "params": [
     0.15000000596046448,
     0.10000000149011612,
     0.10000000149011612,
     0.0,
     0.0,
     0.0
    ],
    "ccd": false,
    "kinematic": false,
    "mass": 15.0,
    "hull_offset": 0,
    "hull_count": 0,
    "collision_group": 7
   },
   "joint_desc": {
    "type": 1,
    "axis": [
     0.0,
     1.0,
     0.0
    ],
    "rest_length": 0.0,
    "limit_min": [
     0.0,
     0.0,
     -0.0
    ],
    "limit_max": [
     0.0,
     0.0,
     -0.0
    ],
    "limit_axes": 0,
    "stiffness": 8000.0,
    "angular_compliance": 9.999999747378752e-06,
    "damping": 0.5,
    "yield_strength": 0.0,
    "break_strength": 0.0,
    "mass_scale": 5.0,
    "anchor_a": [
     -0.0030032414942979813,
     0.7961660623550415,
     -0.06355173885822296
    ],
    "anchor_b": [
     -0.0030032414942979813,
     0.7961660623550415,
     -0.06355173885822296
    ]
   }
  },
  {
   "name": "Ribcage",
   "parent": 1,
   "rest_local": [
    0.9912413954734802,
    -0.09532709419727325,
    0.09139697253704071,
    0.0,
    0.08927203714847565,
    0.9936693906784058,
    0.0682021826505661,
    0.0,
    -0.09731987863779068,
    -0.05944561958312988,
    0.9934762120246887,
    0.0,
    -9.313225746154785e-09,
    1.4319084584712982e-08,
    -0.1939469575881958,
    1.0
   ],
   "rest_world": [
    0.9999857544898987,
    -0.0011715739965438843,
    -0.005209758877754211,
    0.0,
    0.0053398460149765015,
    0.21939700841903687,
    0.9756210446357727,
    0.0,
    -6.51925802230835e-09,
    -0.9756348133087158,
    0.219400092959404,
    0.0,
    -0.02079978585243225,
    0.9812717437744141,
    -0.11863890290260315,
    1.0
   ],
   "tail_pos": [
    -0.02079978585243225,
    1.2511920928955078,
    -0.17933841049671173
   ],
   "constraints": [],
   "collider": {
    "shape": "box",
    "params": [
     0.15000000596046448,
     0.20000000298023224,
     0.10000000149011612,
     0.0,
     0.0,
     0.0
    ],
    "ccd": false,
    "kinematic": false,
    "mass": 12.0,
    "hull_offset": 0,
    "hull_count": 0,
    "collision_group": 7
   },
   "joint_desc": {
    "type": 1,
    "axis": [
     0.0,
     1.0,
     0.0
    ],
    "rest_length": 0.0,
    "limit_min": [
     -0.5235987901687622,
     -0.5235987901687622,
     -0.5235987901687622
    ],
    "limit_max": [
     0.5235987901687622,
     0.5235987901687622,
     0.5235987901687622
    ],
    "limit_axes": 7,
    "stiffness": 8000.0,
    "angular_compliance": 9.999999747378752e-06,
    "damping": 0.5,
    "yield_strength": 0.0,
    "break_strength": 0.0,
    "mass_scale": 5.0,
    "anchor_a": [
     -0.02079978585243225,
     0.9812717437744141,
     -0.11863891035318375
    ],
    "anchor_b": [
     -0.02079978585243225,
     0.9812717437744141,
     -0.11863891035318375
    ]
   }
  },
  {
   "name": "Neck",
   "parent": 2,
   "rest_local": [
    0.9537134766578674,
    0.2674916684627533,
    0.13740064203739166,
    0.0,
    -0.30071428418159485,
    0.846409022808075,
    0.43950289487838745,
    0.0,
    0.0012661890359595418,
    -0.46047818660736084,
    0.8876702785491943,
    0.0,
    4.0745362639427185e-10,
    -9.713403414934874e-09,
    -0.2766612768173218,
    1.0
   ],
   "rest_world": [
    0.9551281929016113,
    -0.07648332417011261,
    0.2861475646495819,
    0.0,
    -0.2961903214454651,
    -0.2427423894405365,
    0.9237680435180664,
    0.0,
    -0.001192717463709414,
    -0.9670709371566772,
    -0.25450387597084045,
    0.0,
    -0.020799783989787102,
    1.2511920928955078,
    -0.17933841049671173,
    1.0
   ],
   "tail_pos": [
    -0.020567335188388824,
    1.439668893814087,
    -0.1297370046377182
   ],
   "constraints": [],
   "collider": {
    "shape": "point",
    "params": [
     0.0,
     0.0,
     0.0,
     0.0,
     0.0,
     0.0
    ],
    "ccd": false,
    "kinematic": false,
    "mass": 3.5,
    "hull_offset": 0,
    "hull_count": 0,
    "collision_group": 7
   },
   "joint_desc": {
    "type": 1,
    "axis": [
     0.0,
     1.0,
     0.0
    ],
    "rest_length": 0.0,
    "limit_min": [
     -0.3490658402442932,
     -0.3490658402442932,
     -0.3490658402442932
    ],
    "limit_max": [
     0.3490658402442932,
     0.3490658402442932,
     0.3490658402442932
    ],
    "limit_axes": 7,
    "stiffness": 8000.0,
    "angular_compliance": 9.999999747378752e-06,
    "damping": 0.5,
    "yield_strength": 0.0,
    "break_strength": 0.0,
    "mass_scale": 5.0,
    "anchor_a": [
     -0.02079978585243225,
     1.2511920928955078,
     -0.17933841049671173
    ],
    "anchor_b": [
     -0.02079978585243225,
     1.2511920928955078,
     -0.17933841049671173
    ]
   }
  },
  {
   "name": "Head",
   "parent": 3,
   "rest_local": [
    0.9551282525062561,
    -0.29619041085243225,
    -0.0011926955776289105,
    0.0,
    0.2537466883659363,
    0.8203233480453491,
    -0.5125253200531006,
    0.0,
    0.15278342366218567,
    0.4892246723175049,
    0.8586713075637817,
    0.0,
    -7.450580596923828e-09,
    1.0244548320770264e-08,
    -0.19489449262619019,
    1.0
   ],
   "rest_world": [
    1.0000001192092896,
    1.4901161193847656e-08,
    -8.940696716308594e-08,
    0.0,
    7.450580596923828e-08,
    0.2771137058734894,
    0.9608372449874878,
    0.0,
    0.0,
    -0.9608370661735535,
    0.27711358666419983,
    0.0,
    -0.020567329600453377,
    1.439668893814087,
    -0.1297370046377182,
    1.0
   ],
   "tail_pos": [
    -0.020567335188388824,
    1.5671502351760864,
    -0.16650371253490448
   ],
   "constraints": [],
   "collider": {
    "shape": "capsule",
    "params": [
     0.07999999821186066,
     0.07999999821186066,
     1.0,
     0.0,
     0.0,
     0.0
    ],
    "ccd": false,
    "kinematic": false,
    "mass": 3.5,
    "hull_offset": 0,
    "hull_count": 0,
    "collision_group": 6
   },
   "joint_desc": {
    "type": 1,
    "axis": [
     0.0,
     1.0,
     0.0
    ],
    "rest_length": 0.0,
    "limit_min": [
     -0.3490658402442932,
     -0.3490658402442932,
     -0.3490658402442932
    ],
    "limit_max": [
     0.3490658402442932,
     0.3490658402442932,
     0.3490658402442932
    ],
    "limit_axes": 7,
    "stiffness": 8000.0,
    "angular_compliance": 9.999999747378752e-06,
    "damping": 0.5,
    "yield_strength": 0.0,
    "break_strength": 0.0,
    "mass_scale": 5.0,
    "anchor_a": [
     -0.020567335188388824,
     1.439668893814087,
     -0.1297370046377182
    ],
    "anchor_b": [
     -0.020567335188388824,
     1.439668893814087,
     -0.1297370046377182
    ]
   }
  },
  {
   "name": "Clav.R",
   "parent": 2,
   "rest_local": [
    0.05917442589998245,
    0.5157427191734314,
    -0.8546976447105408,
    0.0,
    0.1717492640018463,
    0.8381704092025757,
    0.5176607370376587,
    0.0,
    0.9833618402481079,
    -0.17742589116096497,
    -0.03898021578788757,
    0.0,
    -0.06912689656019211,
    -0.011639004573225975,
    -0.28743061423301697,
    1.0
   ],
   "rest_world": [
    0.06192757561802864,
    0.9469558000564575,
    0.31534039974212646,
    0.0,
    0.17622250318527222,
    -0.32135695219039917,
    0.9304167032241821,
    0.0,
    0.9824004173278809,
    -0.002048339694738388,
    -0.18677577376365662,
    0.0,
    -0.0899878442287445,
    1.2592265605926514,
    -0.19269634783267975,
    1.0
   ],
   "tail_pos": [
    -0.22560419142246246,
    1.2595093250274658,
    -0.1669127196073532
   ],
   "constraints": [],
   "collider": {
    "shape": "capsule",
    "params": [
     0.07999999821186066,
     0.10000000149011612,
     1.0,
     0.0,
     0.0,
     0.0
    ],
    "ccd": false,
    "kinematic": false,
    "mass": 3.0,
    "hull_offset": 0,
    "hull_count": 0,
    "collision_group": 7
   },
   "joint_desc": {
    "type": 3,
    "axis": [
     0.0,
     1.0,
     0.0
    ],
    "rest_length": 0.0,
    "limit_min": [
     0.0,
     0.0,
     0.0
    ],
    "limit_max": [
     0.20000000298023224,
     0.0,
     0.0
    ],
    "limit_axes": 1,
    "stiffness": 8000.0,
    "angular_compliance": 9.999999747378752e-06,
    "damping": 0.5,
    "yield_strength": 0.0,
    "break_strength": 0.0,
    "mass_scale": 5.0,
    "drive_flags": 3,
    "drive_compliance": 1.0,
    "anchor_a": [
     -0.08998783677816391,
     1.2592265605926514,
     -0.19269634783267975
    ],
    "anchor_b": [
     -0.08998783677816391,
     1.2592265605926514,
     -0.19269634783267975
    ]
   }
  },
  {
   "name": "UArm.R",
   "parent": 5,
   "rest_local": [
    -0.3583061695098877,
    -0.9325965642929077,
    -0.04336170852184296,
    0.0,
    0.846277117729187,
    -0.3440539240837097,
    0.4067453145980835,
    0.0,
    -0.3942480683326721,
    0.10904334485530853,
    0.9125118851661682,
    0.0,
    3.91155481338501e-08,
    0.0,
    -0.13804592192173004,
    1.0
   ],
   "rest_world": [
    -0.22913208603858948,
    -0.039514899253845215,
    -0.9725929498672485,
    0.0,
    0.39136460423469543,
    0.9111179709434509,
    -0.12921833992004395,
    0.0,
    0.8912531137466431,
    -0.41024646162986755,
    -0.1933017075061798,
    0.0,
    -0.22560420632362366,
    1.2595093250274658,
    -0.1669127196073532,
    1.0
   ],
   "tail_pos": [
    -0.39934277534484863,
    1.3394817113876343,
    -0.12923097610473633
   ],
   "constraints": [],
   "collider": {
    "shape": "capsule",
    "params": [
     0.05000000074505806,
     0.20000000298023224,
     1.0,
     0.0,
     0.0,
     0.0
    ],
    "ccd": false,
    "kinematic": false,
    "mass": 2.0999999046325684,
    "hull_offset": 0,
    "hull_count": 0,
    "collision_group": 7
   },
   "joint_desc": {
    "type": 1,
    "axis": [
     0.0,
     1.0,
     0.0
    ],
    "rest_length": 0.0,
    "limit_min": [
     -2.7925267219543457,
     -1.0471975803375244,
     -3.3161256313323975
    ],
    "limit_max": [
     1.3089969158172607,
     2.7925267219543457,
     2.7925267219543457
    ],
    "limit_axes": 0,
    "stiffness": 8000.0,
    "angular_compliance": 9.999999747378752e-06,
    "damping": 0.5,
    "yield_strength": 0.0,
    "break_strength": 0.0,
    "mass_scale": 5.0,
    "anchor_a": [
     -0.22560419142246246,
     1.2595093250274658,
     -0.1669127196073532
    ],
    "anchor_b": [
     -0.22560419142246246,
     1.2595093250274658,
     -0.1669127196073532
    ]
   }
  },
  {
   "name": "FArm.R",
   "parent": 6,
   "rest_local": [
    -0.07367505133152008,
    0.9749109745025635,
    -0.2100486308336258,
    0.0,
    -0.9939432144165039,
    -0.08900187909603119,
    -0.06446162611246109,
    0.0,
    -0.0815390795469284,
    0.2040271759033203,
    0.9755633473396301,
    0.0,
    1.4901161193847656e-08,
    5.4016709327697754e-08,
    -0.19493742287158966,
    1.0
   ],
   "rest_world": [
    0.21122048795223236,
    0.977341890335083,
    -0.013717792928218842,
    0.0,
    0.13546046614646912,
    -0.015370495617389679,
    0.9906633496284485,
    0.0,
    0.9680061340332031,
    -0.21110659837722778,
    -0.1356377899646759,
    0.0,
    -0.39934277534484863,
    1.3394817113876343,
    -0.12923097610473633,
    1.0
   ],
   "tail_pos": [
    -0.6127059459686279,
    1.3860127925872803,
    -0.09933436661958694
   ],
   "constraints": [],
   "collider": {
    "shape": "capsule",
    "params": [
     0.05000000074505806,
     0.10000000149011612,
     1.0,
     0.0,
     0.0,
     0.0
    ],
    "ccd": false,
    "kinematic": false,
    "mass": 1.5,
    "hull_offset": 0,
    "hull_count": 0,
    "collision_group": 4
   },
   "joint_desc": {
    "type": 2,
    "axis": [
     0,
     1,
     0
    ],
    "rest_length": 0.0,
    "limit_min": [
     -0.03490658476948738,
     0.0,
     0.0
    ],
    "limit_max": [
     2.879793167114258,
     0.0,
     0.0
    ],
    "limit_axes": 1,
    "stiffness": 8000.0,
    "angular_compliance": 9.999999747378752e-06,
    "damping": 0.5,
    "yield_strength": 0.0,
    "break_strength": 0.0,
    "mass_scale": 5.0,
    "anchor_a": [
     -0.39934277534484863,
     1.3394817113876343,
     -0.12923097610473633
    ],
    "anchor_b": [
     -0.39934277534484863,
     1.3394817113876343,
     -0.12923097610473633
    ]
   }
  },
  {
   "name": "Hand.R",
   "parent": 7,
   "rest_local": [
    0.9333761930465698,
    -0.03880723565816879,
    -0.3567952513694763,
    0.0,
    0.09156694263219833,
    0.9869862198829651,
    0.13218843936920166,
    0.0,
    0.3470221161842346,
    -0.15605221688747406,
    0.924782931804657,
    0.0,
    1.2398231774568558e-07,
    -1.862645149230957e-09,
    -0.2204151600599289,
    1.0
   ],
   "rest_world": [
    -0.15348868072032928,
    0.9881459474563599,
    -0.002853844314813614,
    0.0,
    0.280997633934021,
    0.046415891498327255,
    0.9585852026939392,
    0.0,
    0.947354793548584,
    0.1463300734758377,
    -0.28479111194610596,
    0.0,
    -0.6127059459686279,
    1.3860127925872803,
    -0.09933435916900635,
    1.0
   ],
   "tail_pos": [
    -0.8108568787574768,
    1.3554060459136963,
    -0.03976679593324661
   ],
   "constraints": [],
   "collider": {
    "shape": "convex_hull",
    "params": [
     0.0,
     0.0,
     0.0,
     0.0,
     0.0,
     0.0
    ],
    "ccd": true,
    "kinematic": false,
    "mass": 1.399999976158142,
    "hull_offset": 0,
    "hull_count": 26,
    "collision_group": 4
   },
   "joint_desc": {
    "type": 2,
    "axis": [
     1,
     0,
     0
    ],
    "rest_length": 0.0,
    "limit_min": [
     -0.6981316804885864,
     0.0,
     0.0
    ],
    "limit_max": [
     0.6981316804885864,
     0.0,
     0.0
    ],
    "limit_axes": 1,
    "stiffness": 8000.0,
    "angular_compliance": 9.999999747378752e-06,
    "damping": 0.5,
    "yield_strength": 0.0,
    "break_strength": 0.0,
    "mass_scale": 10.0,
    "anchor_a": [
     -0.6127059459686279,
     1.3860127925872803,
     -0.09933436661958694
    ],
    "anchor_b": [
     -0.6127059459686279,
     1.3860127925872803,
     -0.09933436661958694
    ]
   }
  },
  {
   "name": "Clav.L",
   "parent": 2,
   "rest_local": [
    0.11616095155477524,
    -0.34889453649520874,
    0.9299352169036865,
    0.0,
    0.05196426436305046,
    0.9371258020401001,
    0.34510132670402527,
    0.0,
    -0.9918701648712158,
    0.008236072957515717,
    0.1269875317811966,
    0.0,
    0.04395602270960808,
    0.00857037678360939,
    -0.28302207589149475,
    1.0
   ],
   "rest_world": [
    0.11429625004529953,
    -0.9839596152305603,
    -0.13696613907814026,
    0.0,
    0.05696762725710869,
    -0.13115115463733673,
    0.9897241592407227,
    0.0,
    -0.9918120503425598,
    -0.1209244355559349,
    0.04106376692652702,
    0.0,
    0.02320137619972229,
    1.2592267990112305,
    -0.17260155081748962,
    1.0
   ],
   "tail_pos": [
    0.1518002152442932,
    1.2749059200286865,
    -0.17792589962482452
   ],
   "constraints": [],
   "collider": {
    "shape": "capsule",
    "params": [
     0.07999999821186066,
     0.10000000149011612,
     1.0,
     0.0,
     0.0,
     0.0
    ],
    "ccd": false,
    "kinematic": false,
    "mass": 3.0,
    "hull_offset": 0,
    "hull_count": 0,
    "collision_group": 7
   },
   "joint_desc": {
    "type": 3,
    "axis": [
     0.0,
     1.0,
     0.0
    ],
    "rest_length": 0.0,
    "limit_min": [
     0.0,
     0.0,
     0.0
    ],
    "limit_max": [
     0.20000000298023224,
     0.0,
     0.0
    ],
    "limit_axes": 1,
    "stiffness": 8000.0,
    "angular_compliance": 9.999999747378752e-06,
    "damping": 0.5,
    "yield_strength": 0.0,
    "break_strength": 0.0,
    "mass_scale": 5.0,
    "drive_flags": 3,
    "drive_compliance": 1.0,
    "anchor_a": [
     0.02320137247443199,
     1.2592267990112305,
     -0.17260155081748962
    ],
    "anchor_b": [
     0.02320137247443199,
     1.2592267990112305,
     -0.17260155081748962
    ]
   }
  },
  {
   "name": "UArm.L",
   "parent": 9,
   "rest_local": [
    0.9502657055854797,
    0.10824649780988693,
    -0.29202353954315186,
    0.0,
    -0.11876152455806732,
    0.9927509427070618,
    -0.018468303605914116,
    0.0,
    0.28790754079818726,
    0.052230965346097946,
    0.9562326669692993,
    0.0,
    1.043081283569336e-07,
    6.51925802230835e-09,
    -0.129660502076149,
    1.0
   ],
   "rest_world": [
    0.40441080927848816,
    -0.9139069318771362,
    -0.03501163423061371,
    0.0,
    0.061297763139009476,
    -0.011110633611679077,
    0.9980576038360596,
    0.0,
    -0.9125208854675293,
    -0.4057714343070984,
    0.05152718350291252,
    0.0,
    0.1518002450466156,
    1.2749059200286865,
    -0.17792589962482452,
    1.0
   ],
   "tail_pos": [
    0.2981278896331787,
    1.3399735689163208,
    -0.18618856370449066
   ],
   "constraints": [],
   "collider": {
    "shape": "capsule",
    "params": [
     0.05000000074505806,
     0.20000000298023224,
     1.0,
     0.0,
     0.0,
     0.0
    ],
    "ccd": false,
    "kinematic": false,
    "mass": 2.0999999046325684,
    "hull_offset": 0,
    "hull_count": 0,
    "collision_group": 7
   },
   "joint_desc": {
    "type": 1,
    "axis": [
     0.0,
     1.0,
     0.0
    ],
    "rest_length": 0.0,
    "limit_min": [
     -2.7925267219543457,
     -1.0471975803375244,
     -3.3161256313323975
    ],
    "limit_max": [
     1.3089969158172607,
     2.7925267219543457,
     2.7925267219543457
    ],
    "limit_axes": 0,
    "stiffness": 8000.0,
    "angular_compliance": 9.999999747378752e-06,
    "damping": 0.5,
    "yield_strength": 0.0,
    "break_strength": 0.0,
    "mass_scale": 5.0,
    "anchor_a": [
     0.1518002152442932,
     1.2749059200286865,
     -0.17792589962482452
    ],
    "anchor_b": [
     0.1518002152442932,
     1.2749059200286865,
     -0.17792589962482452
    ]
   }
  },
  {
   "name": "FArm.L",
   "parent": 10,
   "rest_local": [
    0.9763479232788086,
    0.026418982073664665,
    0.21458542346954346,
    0.0,
    -0.026275092735886574,
    0.9996485114097595,
    -0.003523409366607666,
    0.0,
    -0.21460308134555817,
    -0.0021981876343488693,
    0.9766988158226013,
    0.0,
    -4.1443854570388794e-08,
    1.5832483768463135e-08,
    -0.16035540401935577,
    1.0
   ],
   "rest_world": [
    0.2006513625383377,
    -0.9796572923660278,
    0.0032411161810159683,
    0.0,
    0.053865473717451096,
    0.01433595735579729,
    0.9984452128410339,
    0.0,
    -0.9781806468963623,
    -0.2001647800207138,
    0.05564623326063156,
    0.0,
    0.2981279492378235,
    1.3399735689163208,
    -0.18618856370449066,
    1.0
   ],
   "tail_pos": [
    0.4957541823387146,
    1.3804137706756592,
    -0.1974310278892517
   ],
   "constraints": [],
   "collider": {
    "shape": "capsule",
    "params": [
     0.05000000074505806,
     0.10000000149011612,
     1.0,
     0.0,
     0.0,
     0.0
    ],
    "ccd": false,
    "kinematic": false,
    "mass": 1.5,
    "hull_offset": 0,
    "hull_count": 0,
    "collision_group": 5
   },
   "joint_desc": {
    "type": 2,
    "axis": [
     0,
     1,
     0
    ],
    "rest_length": 0.0,
    "limit_min": [
     -0.03490658476948738,
     0.0,
     0.0
    ],
    "limit_max": [
     2.879793167114258,
     0.0,
     0.0
    ],
    "limit_axes": 1,
    "stiffness": 8000.0,
    "angular_compliance": 9.999999747378752e-06,
    "damping": 0.5,
    "yield_strength": 0.0,
    "break_strength": 0.0,
    "mass_scale": 5.0,
    "anchor_a": [
     0.2981278896331787,
     1.3399735689163208,
     -0.18618856370449066
    ],
    "anchor_b": [
     0.2981278896331787,
     1.3399735689163208,
     -0.18618856370449066
    ]
   }
  },
  {
   "name": "Hand.L",
   "parent": 11,
   "rest_local": [
    0.9856429100036621,
    -0.09148933738470078,
    0.14190754294395447,
    0.0,
    0.07931871712207794,
    0.9928520917892456,
    0.08918095380067825,
    0.0,
    -0.14905230700969696,
    -0.0766446441411972,
    0.9858545660972595,
    0.0,
    5.698530003428459e-08,
    -3.725290298461914e-09,
    -0.20203456282615662,
    1.0
   ],
   "rest_world": [
    0.054031264036893845,
    -0.9953087568283081,
    -0.080255888402462,
    0.0,
    -0.017839226871728897,
    -0.0813225582242012,
    0.9965280294418335,
    0.0,
    -0.9983798265457153,
    -0.052411966025829315,
    -0.02214948460459709,
    0.0,
    0.4957542419433594,
    1.3804137706756592,
    -0.1974310278892517,
    1.0
   ],
   "tail_pos": [
    0.6988780498504639,
    1.3910771608352661,
    -0.1929246336221695
   ],
   "constraints": [],
   "collider": {
    "shape": "convex_hull",
    "params": [
     0.0,
     0.0,
     0.0,
     0.0,
     0.0,
     0.0
    ],
    "ccd": true,
    "kinematic": false,
    "mass": 1.399999976158142,
    "hull_offset": 26,
    "hull_count": 24,
    "collision_group": 5
   },
   "joint_desc": {
    "type": 2,
    "axis": [
     1,
     0,
     0
    ],
    "rest_length": 0.0,
    "limit_min": [
     -0.6981316804885864,
     0.0,
     0.0
    ],
    "limit_max": [
     0.6981316804885864,
     0.0,
     0.0
    ],
    "limit_axes": 1,
    "stiffness": 8000.0,
    "angular_compliance": 9.999999747378752e-06,
    "damping": 0.5,
    "yield_strength": 0.0,
    "break_strength": 0.0,
    "mass_scale": 10.0,
    "anchor_a": [
     0.4957541823387146,
     1.3804137706756592,
     -0.1974310278892517
    ],
    "anchor_b": [
     0.4957541823387146,
     1.3804137706756592,
     -0.1974310278892517
    ]
   }
  },
  {
   "name": "Thigh.R",
   "parent": 1,
   "rest_local": [
    -0.03754853084683418,
    -0.9453688263893127,
    -0.32383087277412415,
    0.0,
    -0.8002195358276367,
    0.22254253923892975,
    -0.5568873286247253,
    0.0,
    0.5985302925109863,
    0.23822525143623352,
    -0.7648593187332153,
    0.0,
    -0.131535604596138,
    0.03175962716341019,
    -0.006436659023165703,
    1.0
   ],
   "rest_world": [
    0.018150106072425842,
    0.043779224157333374,
    -0.998875617980957,
    0.0,
    -0.8647138476371765,
    0.5022251605987549,
    0.006299912929534912,
    0.0,
    0.5019364356994629,
    0.8636277914047241,
    0.046971604228019714,
    0.0,
    -0.1368972212076187,
    0.7961660623550415,
    -0.042957570403814316,
    1.0
   ],
   "tail_pos": [
    -0.3440527319908142,
    0.43973588943481445,
    -0.062343351542949677
   ],
   "constraints": [],
   "collider": {
    "shape": "capsule",
    "params": [
     0.0860000029206276,
     0.15000000596046448,
     1.0,
     0.0,
     0.0,
     0.0
    ],
    "ccd": false,
    "kinematic": false,
    "mass": 8.0,
    "hull_offset": 0,
    "hull_count": 0,
    "collision_group": 7
   },
   "joint_desc": {
    "type": 1,
    "axis": [
     0.0,
     1.0,
     0.0
    ],
    "rest_length": 0.0,
    "limit_min": [
     -0.6981316804885864,
     -0.3490658402442932,
     -0.5235987901687622
    ],
    "limit_max": [
     0.6981316804885864,
     2.268928050994873,
     0.5235987901687622
    ],
    "limit_axes": 0,
    "stiffness": 8000.0,
    "angular_compliance": 9.999999747378752e-06,
    "damping": 0.5,
    "yield_strength": 0.0,
    "break_strength": 0.0,
    "mass_scale": 5.0,
    "anchor_a": [
     -0.1368972212076187,
     0.7961660623550415,
     -0.04295758903026581
    ],
    "anchor_b": [
     -0.1368972212076187,
     0.7961660623550415,
     -0.04295758903026581
    ]
   }
  },
  {
   "name": "Calf.R",
   "parent": 13,
   "rest_local": [
    0.9982903599739075,
    0.004860720597207546,
    0.05824575945734978,
    0.0,
    -0.00533722061663866,
    0.99995356798172,
    0.008028147742152214,
    0.0,
    -0.058204032480716705,
    -0.00832526758313179,
    0.9982699751853943,
    0.0,
    -8.381903171539307e-09,
    -9.284121915698051e-09,
    -0.41271260380744934,
    1.0
   ],
   "rest_world": [
    0.0431516058743,
    0.09644821286201477,
    -0.9944014549255371,
    0.0,
    -0.8607409596443176,
    0.5089014768600464,
    0.012007936835289001,
    0.0,
    0.5072105526924133,
    0.8554043769836426,
    0.10497648268938065,
    0.0,
    -0.3440527319908142,
    0.43973594903945923,
    -0.06234334409236908,
    1.0
   ],
   "tail_pos": [
    -0.5907986164093018,
    0.023601945489645004,
    -0.11341191828250885
   ],
   "constraints": [],
   "collider": {
    "shape": "capsule",
    "params": [
     0.07699999958276749,
     0.1899999976158142,
     1.0,
     0.0,
     0.0,
     0.0
    ],
    "ccd": false,
    "kinematic": false,
    "mass": 3.5,
    "hull_offset": 0,
    "hull_count": 0,
    "collision_group": 2
   },
   "joint_desc": {
    "type": 2,
    "axis": [
     1,
     0,
     0
    ],
    "rest_length": 0.0,
    "limit_min": [
     -0.05235987901687622,
     0.0,
     0.0
    ],
    "limit_max": [
     2.6179938316345215,
     0.0,
     0.0
    ],
    "limit_axes": 1,
    "stiffness": 8000.0,
    "angular_compliance": 9.999999747378752e-06,
    "damping": 0.5,
    "yield_strength": 0.0,
    "break_strength": 0.0,
    "mass_scale": 10.0,
    "anchor_a": [
     -0.3440527319908142,
     0.43973588943481445,
     -0.062343351542949677
    ],
    "anchor_b": [
     -0.3440527319908142,
     0.43973588943481445,
     -0.062343351542949677
    ]
   }
  },
  {
   "name": "Foot.R",
   "parent": 14,
   "rest_local": [
    -0.17832721769809723,
    -0.4077405333518982,
    -0.8955148458480835,
    0.0,
    -0.4590630531311035,
    0.8394607901573181,
    -0.29080337285995483,
    0.0,
    0.870322048664093,
    0.3592396676540375,
    -0.3368772864341736,
    0.0,
    -1.257285475730896e-08,
    -6.05359673500061e-09,
    -0.48647618293762207,
    1.0
   ],
   "rest_world": [
    -0.11095070838928223,
    -0.9907264709472656,
    0.07842472195625305,
    0.0,
    -0.8898661732673645,
    0.13417252898216248,
    0.43604567646980286,
    0.0,
    -0.442524254322052,
    -0.021407723426818848,
    -0.8964999914169312,
    0.0,
    -0.5907986164093018,
    0.023602038621902466,
    -0.11341190338134766,
    1.0
   ],
   "tail_pos": [
    -0.49429938197135925,
    0.028270233422517776,
    0.08208367973566055
   ],
   "constraints": [],
   "collider": {
    "shape": "convex_hull",
    "params": [
     0.0,
     0.0,
     0.0,
     0.0,
     0.0,
     0.0
    ],
    "ccd": true,
    "kinematic": false,
    "mass": 2.0,
    "hull_offset": 50,
    "hull_count": 23,
    "collision_group": 2
   },
   "joint_desc": {
    "type": 1,
    "axis": [
     0.0,
     1.0,
     0.0
    ],
    "rest_length": 0.0,
    "limit_min": [
     -0.3490658402442932,
     -0.6981316804885864,
     -0.5235987901687622
    ],
    "limit_max": [
     0.6981316804885864,
     0.1745329201221466,
     0.5235987901687622
    ],
    "limit_axes": 7,
    "stiffness": 8000.0,
    "angular_compliance": 9.999999747378752e-06,
    "damping": 0.5,
    "yield_strength": 0.0,
    "break_strength": 0.0,
    "mass_scale": 5.0,
    "anchor_a": [
     -0.5907986164093018,
     0.023601945489645004,
     -0.11341191828250885
    ],
    "anchor_b": [
     -0.5907986164093018,
     0.023601945489645004,
     -0.11341191828250885
    ]
   }
  },
  {
   "name": "Thigh.L",
   "parent": 1,
   "rest_local": [
    0.1199524998664856,
    0.8751204013824463,
    0.468802273273468,
    0.0,
    0.9382026195526123,
    0.054487235844135284,
    -0.3417695462703705,
    0.0,
    -0.3246331214904785,
    0.480827659368515,
    -0.8145048022270203,
    0.0,
    0.11528170853853226,
    0.0009683240205049515,
    0.013974310830235481,
    1.0
   ],
   "rest_world": [
    0.08319652080535889,
    -0.19219627976417542,
    0.9778234958648682,
    0.0,
    0.8941535353660583,
    0.44760164618492126,
    0.011901173740625381,
    0.0,
    -0.4399626851081848,
    0.8733345866203308,
    0.2090919017791748,
    0.0,
    0.11251719295978546,
    0.7961660623550415,
    -0.051672279834747314,
    1.0
   ],
   "tail_pos": [
    0.3003665506839752,
    0.4232814610004425,
    -0.14094758033752441
   ],
   "constraints": [],
   "collider": {
    "shape": "capsule",
    "params": [
     0.0860000029206276,
     0.1599999964237213,
     1.0,
     0.0,
     0.0,
     0.0
    ],
    "ccd": false,
    "kinematic": false,
    "mass": 8.0,
    "hull_offset": 0,
    "hull_count": 0,
    "collision_group": 7
   },
   "joint_desc": {
    "type": 1,
    "axis": [
     0.0,
     1.0,
     0.0
    ],
    "rest_length": 0.0,
    "limit_min": [
     -0.6981316804885864,
     -0.3490658402442932,
     -0.5235987901687622
    ],
    "limit_max": [
     0.6981316804885864,
     2.268928050994873,
     0.5235987901687622
    ],
    "limit_axes": 0,
    "stiffness": 8000.0,
    "angular_compliance": 9.999999747378752e-06,
    "damping": 0.5,
    "yield_strength": 0.0,
    "break_strength": 0.0,
    "mass_scale": 5.0,
    "anchor_a": [
     0.11251717805862427,
     0.7961660623550415,
     -0.05167229473590851
    ],
    "anchor_b": [
     0.11251717805862427,
     0.7961660623550415,
     -0.05167229473590851
    ]
   }
  },
  {
   "name": "Calf.L",
   "parent": 16,
   "rest_local": [
    0.9996933341026306,
    -0.021962828934192657,
    0.011435773223638535,
    0.0,
    0.021530650556087494,
    0.9990966320037842,
    0.0366344191133976,
    0.0,
    -0.0122300386428833,
    -0.03637704998254776,
    0.9992632269859314,
    0.0,
    -2.2351741790771484e-08,
    4.9709342420101166e-08,
    -0.4269665777683258,
    1.0
   ],
   "rest_world": [
    0.05850154533982277,
    -0.19198068976402283,
    0.9796534180641174,
    0.0,
    0.8790193796157837,
    0.4750533699989319,
    0.040603578090667725,
    0.0,
    -0.473182737827301,
    0.858759343624115,
    0.19654610753059387,
    0.0,
    0.3003665804862976,
    0.42328134179115295,
    -0.14094755053520203,
    1.0
   ],
   "tail_pos": [
    0.5179595947265625,
    0.02838096022605896,
    -0.2313293069601059
   ],
   "constraints": [],
   "collider": {
    "shape": "capsule",
    "params": [
     0.07599999755620956,
     0.20000000298023224,
     1.0,
     0.0,
     0.0,
     0.0
    ],
    "ccd": false,
    "kinematic": false,
    "mass": 3.5,
    "hull_offset": 0,
    "hull_count": 0,
    "collision_group": 1
   },
   "joint_desc": {
    "type": 2,
    "axis": [
     1,
     0,
     0
    ],
    "rest_length": 0.0,
    "limit_min": [
     -0.05235987901687622,
     0.0,
     0.0
    ],
    "limit_max": [
     2.6179938316345215,
     0.0,
     0.0
    ],
    "limit_axes": 1,
    "stiffness": 8000.0,
    "angular_compliance": 9.999999747378752e-06,
    "damping": 0.5,
    "yield_strength": 0.0,
    "break_strength": 0.0,
    "mass_scale": 10.0,
    "anchor_a": [
     0.3003665506839752,
     0.4232814610004425,
     -0.14094758033752441
    ],
    "anchor_b": [
     0.3003665506839752,
     0.4232814610004425,
     -0.14094758033752441
    ]
   }
  },
  {
   "name": "Foot.L",
   "parent": 17,
   "rest_local": [
    -0.11083857715129852,
    -0.5518063902854919,
    0.82657390832901,
    0.0,
    -0.15157175064086914,
    0.8313546776771545,
    0.5346730947494507,
    0.0,
    -0.9822121858596802,
    -0.06602279096841812,
    -0.17578451335430145,
    0.0,
    -6.984919309616089e-09,
    -2.3283064365386963e-08,
    -0.4598499536514282,
    1.0
   ],
   "rest_world": [
    -0.8826532363891602,
    0.468969464302063,
    0.03147117793560028,
    0.0,
    0.46891164779663086,
    0.883192241191864,
    -0.009643886238336563,
    0.0,
    -0.03231804072856903,
    0.006244823336601257,
    -0.9994580745697021,
    0.0,
    0.5179596543312073,
    0.028380870819091797,
    -0.2313292771577835,
    1.0
   ],
   "tail_pos": [
    0.5248941779136658,
    0.027040995657444,
    -0.016872473061084747
   ],
   "constraints": [],
   "collider": {
    "shape": "convex_hull",
    "params": [
     0.0,
     0.0,
     0.0,
     0.0,
     0.0,
     0.0
    ],
    "ccd": true,
    "kinematic": false,
    "mass": 2.0,
    "hull_offset": 73,
    "hull_count": 24,
    "collision_group": 1
   },
   "joint_desc": {
    "type": 1,
    "axis": [
     0.0,
     1.0,
     0.0
    ],
    "rest_length": 0.0,
    "limit_min": [
     -0.3490658402442932,
     -0.6981316804885864,
     -0.5235987901687622
    ],
    "limit_max": [
     0.6981316804885864,
     0.1745329201221466,
     0.5235987901687622
    ],
    "limit_axes": 7,
    "stiffness": 8000.0,
    "angular_compliance": 9.999999747378752e-06,
    "damping": 0.5,
    "yield_strength": 0.0,
    "break_strength": 0.0,
    "mass_scale": 5.0,
    "anchor_a": [
     0.5179595947265625,
     0.02838096022605896,
     -0.2313293069601059
    ],
    "anchor_b": [
     0.5179595947265625,
     0.02838096022605896,
     -0.2313293069601059
    ]
   }
  }
 ],
 "ibms": [
  [
   0.9990239143371582,
   0.04119166359305382,
   -0.015947936102747917,
   0.0,
   -0.04109766706824303,
   0.7344886660575867,
   -0.6773752570152283,
   0.0,
   -0.016188642010092735,
   0.6773695945739746,
   0.7354646921157837,
   0.0,
   0.05383080616593361,
   -0.5302281975746155,
   0.5186821818351746,
   1.0
  ],
  [
   0.9917039275169373,
   -0.09001967310905457,
   0.09175984561443329,
   0.0,
   0.11337339878082275,
   0.2761169970035553,
   -0.9544139504432678,
   0.0,
   0.0605795755982399,
   0.9568990468978882,
   0.2840321958065033,
   0.0,
   -0.06375464797019958,
   -0.140557661652565,
   0.7935482263565063,
   1.0
  ],
  [
   0.9999857544898987,
   0.005339866504073143,
   -6.635674676402914e-09,
   0.0,
   -0.0011715693399310112,
   0.21939700841903687,
   -0.9756351709365845,
   0.0,
   -0.0052097393199801445,
   0.9756211042404175,
   0.21940018236637115,
   0.0,
   0.040456775575876236,
   -0.07801008224487305,
   0.9956132173538208,
   1.0
  ],
  [
   0.9551281332969666,
   -0.2961902916431427,
   -0.0011927038431167603,
   0.0,
   -0.07648337632417679,
   -0.24274252355098724,
   -0.9670710563659668,
   0.0,
   0.2861475348472595,
   0.9237679243087769,
   -0.2545037269592285,
   0.0,
   0.19252845644950867,
   0.48097389936447144,
   1.1653330326080322,
   1.0
  ],
  [
   0.9999998807907104,
   8.177620713922806e-08,
   3.909348222919107e-08,
   0.0,
   -2.064656889899652e-08,
   0.27711358666419983,
   -0.9608372449874878,
   0.0,
   -7.158793380313e-08,
   0.9608370661735535,
   0.2771137058734894,
   0.0,
   0.03980718553066254,
   -0.25374341011047363,
   1.4327079057693481,
   1.0
  ],
  [
   0.06192751228809357,
   0.17622250318527222,
   0.9824004769325256,
   0.0,
   0.9469559788703918,
   -0.3213571608066559,
   -0.0020483771804720163,
   0.0,
   0.3153402805328369,
   0.9304167032241821,
   -0.1867757886648178,
   0.0,
   -1.124360203742981,
   0.6273720860481262,
   0.06952310353517532,
   1.0
  ],
  [
   -0.22913210093975067,
   0.3913646340370178,
   0.8912531733512878,
   0.0,
   -0.03951481357216835,
   0.9111183881759644,
   -0.4102466404438019,
   0.0,
   -0.9725930094718933,
   -0.1292184442281723,
   -0.19330167770385742,
   0.0,
   -0.19122037291526794,
   -1.0829428434371948,
   0.7010969519615173,
   1.0
  ],
  [
   0.21122054755687714,
   0.1354605257511139,
   0.9680066704750061,
   0.0,
   0.9773424863815308,
   -0.015370584093034267,
   -0.21110676229000092,
   0.0,
   -0.013717874884605408,
   0.9906637072563171,
   -0.13563784956932068,
   0.0,
   -1.2298954725265503,
   0.22868631780147552,
   0.6687806844711304,
   1.0
  ],
  [
   -0.15348878502845764,
   0.2809978127479553,
   0.9473551511764526,
   0.0,
   0.9881466031074524,
   0.04641585052013397,
   0.14633016288280487,
   0.0,
   -0.002853913465514779,
   0.9585855007171631,
   -0.2847912013530731,
   0.0,
   -1.474090814590454,
   0.23063388466835022,
   0.3598250448703766,
   1.0
  ],
  [
   0.11429627984762192,
   0.05696764215826988,
   -0.9918119311332703,
   0.0,
   -0.9839597344398499,
   -0.1311512440443039,
   -0.12092440575361252,
   0.0,
   -0.13696609437465668,
   0.9897242188453674,
   0.041063763201236725,
   0.0,
   1.2188488245010376,
   0.35994014143943787,
   0.16512838006019592,
   1.0
  ],
  [
   0.40441083908081055,
   0.061297789216041565,
   -0.9125210046768188,
   0.0,
   -0.9139071702957153,
   -0.011110697872936726,
   -0.40577149391174316,
   0.0,
   -0.03501157462596893,
   0.9980577230453491,
   0.051527202129364014,
   0.0,
   1.1111072301864624,
   0.20713435113430023,
   0.6516026854515076,
   1.0
  ],
  [
   0.2006513625383377,
   0.05386549234390259,
   -0.9781808853149414,
   0.0,
   -0.9796574115753174,
   0.014335893094539642,
   -0.20016485452651978,
   0.0,
   0.003241185797378421,
   0.9984453916549683,
   0.055646248161792755,
   0.0,
   1.2645336389541626,
   0.17500628530979156,
   0.5541361570358276,
   1.0
  ],
  [
   0.054031260311603546,
   -0.017839211970567703,
   -0.9983799457550049,
   0.0,
   -0.9953088760375977,
   -0.08132264763116837,
   -0.05241198092699051,
   0.0,
   -0.08025583624839783,
   0.9965283870697021,
   -0.022149506956338882,
   0.0,
   1.3376736640930176,
   0.34149259328842163,
   0.5435793995857239,
   1.0
  ],
  [
   0.01814955845475197,
   -0.8647140860557556,
   0.5019367933273315,
   0.0,
   0.04377920180559158,
   0.5022251009941101,
   0.8636282086372375,
   0.0,
   -0.9988770484924316,
   0.006299459841102362,
   0.046971991658210754,
   0.0,
   -0.0987015813589096,
   -0.5380889773368835,
   -0.6123573780059814,
   1.0
  ],
  [
   0.04315108805894852,
   -0.8607410788536072,
   0.5072110295295715,
   0.0,
   0.09644821286201477,
   0.5089013576507568,
   0.855404794216156,
   0.0,
   -0.9944028854370117,
   0.012007491663098335,
   0.10497695207595825,
   0.0,
   -0.11277680099010468,
   -0.5391399264335632,
   -0.18907488882541656,
   1.0
  ],
  [
   -0.11095105856657028,
   -0.8898662328720093,
   -0.4425249993801117,
