{
 "version": 5,
 "joints": [
  {
   "name": "c_pos",
   "parent": -1,
   "rest_local": [
    -1.0,
    0.0,
    0.0,
    0.0,
    0.0,
    1.0,
    0.0,
    0.0,
    0.0,
    0.0,
    -1.0,
    0.0,
    0.0,
    0.0,
    0.0,
    1.0
   ],
   "rest_world": [
    -1.0,
    0.0,
    0.0,
    0.0,
    0.0,
    1.0,
    0.0,
    0.0,
    0.0,
    0.0,
    -1.0,
    0.0,
    0.0,
    0.0,
    0.0,
    1.0
   ],
   "tail_pos": [
    0.0,
    0.0,
    2.1247832775115967
   ],
   "constraints": [],
   "collider": {
    "shape": "none",
    "params": [
     0.0,
     0.0,
     0.0,
     0.0,
     0.0,
     0.0
    ],
    "ccd": false,
    "kinematic": false,
    "mass": 0.0,
    "hull_offset": 0,
    "hull_count": 0,
    "collision_group": 0
   },
   "joint_desc": {
    "type": 0,
    "axis": [
     0.0,
     1.0,
     0.0
    ],
    "rest_length": 0.0,
    "limit_min": [
     0.0,
     0.0,
     0.0
    ],
    "limit_max": [
     0.0,
     0.0,
     0.0
    ],
    "limit_axes": 0,
    "stiffness": 0.0,
    "angular_compliance": 0.0,
    "damping": 0.0,
    "yield_strength": 0.0,
    "break_strength": 0.0,
    "mass_scale": 10.0
   }
  },
  {
   "name": "c_traj",
   "parent": 0,
   "rest_local": [
    1.0,
    0.0,
    0.0,
    0.0,
    0.0,
    1.0,
    0.0,
    0.0,
    0.0,
    0.0,
    1.0,
    0.0,
    0.0,
    0.0,
    0.0,
    1.0
   ],
   "rest_world": [
    -1.0,
    0.0,
    0.0,
    0.0,
    0.0,
    1.0,
    0.0,
    0.0,
    0.0,
    0.0,
    -1.0,
    0.0,
    0.0,
    0.0,
    0.0,
    1.0
   ],
   "tail_pos": [
    0.0,
    0.0,
    1.117737054824829
   ],
   "constraints": [],
   "collider": {
    "shape": "none",
    "params": [
     0.0,
     0.0,
     0.0,
     0.0,
     0.0,
     0.0
    ],
    "ccd": false,
    "kinematic": false,
    "mass": 0.0,
    "hull_offset": 0,
    "hull_count": 0,
    "collision_group": 0
   },
   "joint_desc": {
    "type": 1,
    "axis": [
     0.0,
     1.0,
     0.0
    ],
    "rest_length": 0.0,
    "limit_min": [
     0.0,
     0.0,
     -0.0
    ],
    "limit_max": [
     0.0,
     0.0,
     -0.0
    ],
    "limit_axes": 0,
    "stiffness": 0.0,
    "angular_compliance": 0.0,
    "damping": 0.0,
    "yield_strength": 0.0,
    "break_strength": 0.0,
    "mass_scale": 10.0,
    "anchor_a": [
     0.0,
     0.0,
     2.1247832775115967
    ],
    "anchor_b": [
     0.0,
     0.0,
     -0.0
    ]
   }
  },
  {
   "name": "c_root_master.x",
   "parent": 1,
   "rest_local": [
    -1.0,
    -9.53994458541274e-07,
    -1.6574445908190683e-05,
    0.0,
    1.6601878087385558e-05,
    -0.0574631504714489,
    -0.9983476400375366,
    0.0,
    -1.1368683772161603e-13,
    -0.9983479976654053,
    0.05746305733919144,
    0.0,
    -9.266325376002782e-20,
    8.326438903808594,
    -0.23590677976608276,
    1.0
   ],
   "rest_world": [
    1.0,
    -9.53994458541274e-07,
    1.6574445908190683e-05,
    0.0,
    -1.6601878087385558e-05,
    -0.0574631504714489,
    0.9983476400375366,
    0.0,
    1.1368683772161603e-13,
    -0.9983479976654053,
    -0.05746305733919144,
    0.0,
    9.266325376002782e-20,
    8.326438903808594,
    0.23590677976608276,
    1.0
   ],
   "tail_pos": [
    -2.223013568240841e-18,
    9.957136154174805,
    0.3297666907310486
   ],
   "constraints": [],
   "collider": {
    "shape": "none",
    "params": [
     0.0,
     0.0,
     0.0,
     0.0,
     0.0,
     0.0
    ],
    "ccd": false,
    "kinematic": false,
    "mass": 0.0,
    "hull_offset": 0,
    "hull_count": 0,
    "collision_group": 0
   },
   "joint_desc": {
    "type": 1,
    "axis": [
     0.0,
     1.0,
     0.0
    ],
    "rest_length": 0.0,
    "limit_min": [
     0.0,
     0.0,
     -0.0
    ],
    "limit_max": [
     0.0,
     0.0,
     -0.0
    ],
    "limit_axes": 0,
    "stiffness": 0.0,
    "angular_compliance": 0.0,
    "damping": 0.0,
    "yield_strength": 0.0,
    "break_strength": 0.0,
    "mass_scale": 10.0,
    "anchor_a": [
     0.0,
     0.0,
     1.117737054824829
    ],
    "anchor_b": [
     9.266325376002782e-20,
     8.326438903808594,
     0.23590677976608276
    ]
   }
  },
  {
   "name": "c_root.x",
   "parent": 2,
   "rest_local": [
    1.0,
    -9.449320714338683e-06,
    1.0800243078340488e-12,
    0.0,
    -9.449321623833384e-06,
    -1.0,
    -7.450580596923828e-08,
    0.0,
    1.6742261873745057e-12,
    7.078051567077637e-08,
    -1.0,
    0.0,
    1.9070223800099484e-07,
    0.01148676872253418,
    -1.368467926979065,
    1.0
   ],
   "rest_world": [
    1.0,
    -4.1100776115854387e-07,
    7.140738489397336e-06,
    0.0,
    7.152557373046875e-06,
    0.05746322125196457,
    -0.9983476400375366,
    0.0,
    4.2367097243672935e-13,
    0.9983479976654053,
    0.05746312811970711,
    0.0,
    -1.5631940186722204e-13,
    9.691985130310059,
    0.3260108530521393,
    1.0
   ],
   "tail_pos": [
    0.0,
    8.191794395446777,
    0.23966263234615326
   ],
   "constraints": [],
   "collider": {
    "shape": "none",
    "params": [
     0.0,
     0.0,
     0.0,
     0.0,
     0.0,
     0.0
    ],
    "ccd": false,
    "kinematic": false,
    "mass": 0.0,
    "hull_offset": 0,
    "hull_count": 0,
    "collision_group": 0
   },
   "joint_desc": {
    "type": 1,
    "axis": [
     0.0,
     1.0,
     0.0
    ],
    "rest_length": 0.0,
    "limit_min": [
     0.0,
     0.0,
     -0.0
    ],
    "limit_max": [
     0.0,
     0.0,
     -0.0
    ],
    "limit_axes": 0,
    "stiffness": 0.0,
    "angular_compliance": 0.0,
    "damping": 0.0,
    "yield_strength": 0.0,
    "break_strength": 0.0,
    "mass_scale": 10.0,
    "anchor_a": [
     -2.223013568240841e-18,
     9.957136154174805,
     0.3297666907310486
    ],
    "anchor_b": [
     -2.130350314480813e-18,
     9.691984176635742,
     0.3260108232498169
    ]
   }
  },
  {
   "name": "c_p_root.x",
   "parent": 3,
   "rest_local": [
    0.9999999403953552,
    -0.0003376053355168551,
    1.984365371754393e-05,
    0.0,
    -0.0003381886926945299,
    -0.9983503818511963,
    0.057463113218545914,
    0.0,
    4.110061126993969e-07,
    -0.057463113218545914,
    -0.9983475208282471,
    0.0,
    -6.984598446488355e-13,
    0.0,
    -0.7513359189033508,
    1.0
   ],
   "rest_world": [
    0.9999999403953552,
    -2.546585164964199e-11,
    0.0003453285025898367,
    0.0,
    -0.0003453294630162418,
    -2.421438694000244e-07,
    1.0000027418136597,
    0.0,
    -2.5295321393059567e-12,
    -1.000000238418579,
    -7.450580596923828e-09,
    0.0,
    -8.121466823704515e-13,
    8.941889762878418,
    0.2828367054462433,
    1.0
   ],
   "tail_pos": [
    -3.1955254717212197e-18,
    10.442078590393066,
    0.2828367352485657
   ],
   "constraints": [],
   "collider": {
    "shape": "none",
    "params": [
     0.0,
     0.0,
     0.0,
     0.0,
     0.0,
     0.0
    ],
    "ccd": false,
    "kinematic": false,
    "mass": 0.0,
    "hull_offset": 0,
    "hull_count": 0,
    "collision_group": 0
   },
   "joint_desc": {
    "type": 1,
    "axis": [
     0.0,
     1.0,
     0.0
    ],
    "rest_length": 0.0,
    "limit_min": [
     0.0,
     0.0,
     -0.0
    ],
    "limit_max": [
     0.0,
     0.0,
     -0.0
    ],
    "limit_axes": 0,
    "stiffness": 0.0,
    "angular_compliance": 0.0,
    "damping": 0.0,
    "yield_strength": 0.0,
    "break_strength": 0.0,
    "mass_scale": 10.0,
    "anchor_a": [
     0.0,
     8.191794395446777,
     0.23966263234615326
    ],
    "anchor_b": [
     -1.0651751572404066e-18,
     8.941888809204102,
     0.2828367352485657
    ]
   }
  },
  {
   "name": "c_root_bend.x",
   "parent": 3,
   "rest_local": [
    1.0,
    7.152557827794226e-06,
    3.4296445349489557e-13,
    0.0,
    -7.140738944144687e-06,
    0.9983476400375366,
    -0.057463131844997406,
    0.0,
    -4.1100878434008337e-07,
    0.057463135570287704,
    0.9983476400375366,
    0.0,
    -6.984598446488355e-13,
    0.0,
    -0.7513359189033508,
    1.0
   ],
   "rest_world": [
    1.0,
    1.6200374375330284e-12,
    -9.094947017729282e-13,
    0.0,
    -4.547473508864641e-13,
    6.705522537231445e-08,
    -1.0,
    0.0,
    2.842170943040401e-14,
    1.0000003576278687,
    -7.450580596923828e-09,
    0.0,
    -8.121466823704515e-13,
    8.941889762878418,
    0.2828367054462433,
    1.0
   ],
   "tail_pos": [
    -1.0651751572404066e-18,
    8.471814155578613,
    0.2828367352485657
   ],
   "constraints": [],
   "collider": {
    "shape": "none",
    "params": [
     0.0,
     0.0,
     0.0,
     0.0,
     0.0,
     0.0
    ],
    "ccd": false,
    "kinematic": false,
    "mass": 0.0,
    "hull_offset": 0,
    "hull_count": 0,
    "collision_group": 0
   },
   "joint_desc": {
    "type": 1,
    "axis": [
     0.0,
     1.0,
     0.0
    ],
    "rest_length": 0.0,
    "limit_min": [
     0.0,
     0.0,
     -0.0
    ],
    "limit_max": [
     0.0,
     0.0,
     -0.0
    ],
    "limit_axes": 0,
    "stiffness": 0.0,
    "angular_compliance": 0.0,
    "damping": 0.0,
    "yield_strength": 0.0,
    "break_strength": 0.0,
    "mass_scale": 10.0,
    "anchor_a": [
     0.0,
     8.191794395446777,
     0.23966263234615326
    ],
    "anchor_b": [
     -1.0651751572404066e-18,
     8.941888809204102,
     0.2828367352485657
    ]
   }
  },
  {
   "name": "root.x",
   "parent": 5,
   "rest_local": [
    1.0,
    -6.7798805503116455e-06,
    -1.987299128813902e-06,
    0.0,
    7.065135832817759e-06,
    0.9596250057220459,
    0.28128257393836975,
    0.0,
    -2.2737367544323206e-13,
    -0.28128257393836975,
    0.9596250057220459,
    0.0,
    -1.3552527156068805e-20,
    -3.5152751820533013e-09,
    -0.4700746238231659,
    1.0
   ],
   "rest_world": [
    1.0,
    -1.987298674066551e-06,
    6.779879640816944e-06,
    0.0,
    7.0651353780704085e-06,
    0.2812827229499817,
    -0.9596250057220459,
    0.0,
    -7.218698024318709e-14,
    0.9596253633499146,
    0.28128257393836975,
    0.0,
    -8.255069804813386e-13,
    8.47181510925293,
    0.2828367054462433,
    1.0
   ],
   "tail_pos": [
    -2.34534344787493e-19,
    8.356952667236328,
    0.24916887283325195
   ],
   "constraints": [
    {
     "type": "COPY_SCALE",
     "influence": 1.0,
     "owner_space": "WORLD",
     "target_space": "WORLD",
     "target_bone": 3,
     "params": {
      "use_x": true,
      "use_y": true,
      "use_z": true,
      "power": 1.0,
      "use_offset": false
     }
    }
   ],
   "collider": {
    "shape": "convex_hull",
    "params": [
     0.0,
     0.0,
     0.0,
     0.0,
     0.0,
     0.0
    ],
    "ccd": false,
    "kinematic": false,
    "mass": 6.0,
    "hull_offset": 0,
    "hull_count": 23,
    "collision_group": 6
   },
   "joint_desc": {
    "type": 1,
    "axis": [
     0.0,
     1.0,
     0.0
    ],
    "rest_length": 0.0,
    "limit_min": [
     0.0,
     0.0,
     -0.0
    ],
    "limit_max": [
     0.0,
     0.0,
     -0.0
    ],
    "limit_axes": 0,
    "stiffness": 0.0,
    "angular_compliance": 0.0,
    "damping": 0.0,
    "yield_strength": 0.0,
    "break_strength": 0.0,
    "mass_scale": 10.0,
    "anchor_a": [
     -1.0651751572404066e-18,
     8.471814155578613,
     0.2828367352485657
    ],
    "anchor_b": [
     -1.0651751572404066e-18,
     8.471814155578613,
     0.2828367352485657
    ]
   }
  },
  {
   "name": "c_thigh_b.l",
   "parent": 3,
   "rest_local": [
    0.1489669531583786,
    -0.978793740272522,
    0.14061209559440613,
    0.0,
    0.9770984649658203,
    0.16755224764347076,
    0.1311672478914261,
    0.0,
    -0.1519455909729004,
    0.11785229295492172,
    0.9813375473022461,
    0.0,
    0.7403556704521179,
    0.15853585302829742,
    -0.359458327293396,
    1.0
   ],
   "rest_world": [
    0.1489599496126175,
    0.08413510024547577,
    0.9852574467658997,
    0.0,
    0.9770996570587158,
    0.1405782550573349,
    -0.15973111987113953,
    0.0,
    -0.15194474160671234,
    0.9864885807037354,
    -0.0612679161131382,
    0.0,
    0.7403568029403687,
    9.342229843139648,
    0.14708659052848816,
    1.0
   ],
   "tail_pos": [
    0.8311488032341003,
    8.752769470214844,
    0.1836962103843689
   ],
   "constraints": [],
   "collider": {
    "shape": "none",
    "params": [
     0.0,
     0.0,
     0.0,
     0.0,
     0.0,
     0.0
    ],
    "ccd": false,
    "kinematic": false,
    "mass": 0.0,
    "hull_offset": 0,
    "hull_count": 0,
    "collision_group": 0
   },
   "joint_desc": {
    "type": 1,
    "axis": [
     0.0,
     1.0,
     0.0
    ],
    "rest_length": 0.0,
    "limit_min": [
     0.0,
     0.0,
     -0.0
    ],
    "limit_max": [
     0.0,
     0.0,
     -0.0
    ],
    "limit_axes": 0,
    "stiffness": 0.0,
    "angular_compliance": 0.0,
    "damping": 0.0,
    "yield_strength": 0.0,
    "break_strength": 0.0,
    "mass_scale": 10.0,
    "anchor_a": [
     0.0,
     8.191794395446777,
     0.23966263234615326
    ],
    "anchor_b": [
     0.7403568029403687,
     9.342228889465332,
     0.14708662033081055
    ]
   }
  },
  {
   "name": "thigh_ik.l",
   "parent": 7,
   "rest_local": [
    0.9999999403953552,
    -1.1827796697616577e-07,
    9.313225746154785e-09,
    0.0,
    1.1827796697616577e-07,
    0.9999999403953552,
    1.955777406692505e-08,
    0.0,
    -1.6763806343078613e-08,
    -2.7939677238464355e-09,
    0.9999999403953552,
    0.0,
    2.2351741790771484e-08,
    -5.960464477539063e-08,
    -0.5975338220596313,
    1.0
   ],
   "rest_world": [
    0.14895983040332794,
    0.08413510024547577,
    0.9852574467658997,
    0.0,
    0.9770996570587158,
    0.1405782848596573,
    -0.15973100066184998,
    0.0,
    -0.15194475650787354,
    0.9864885807037354,
    -0.061267927289009094,
    0.0,
    0.8311488032341003,
    8.75277042388916,
    0.1836961805820465,
    1.0
   ],
   "tail_pos": [
    1.466692566871643,
    4.6265549659729,
    0.43996334075927734
   ],
   "constraints": [
    {
     "type": "COPY_ROTATION",
     "influence": 1.0,
     "owner_space": "WORLD",
     "target_space": "WORLD",
     "target_bone": 28,
     "params": {
      "mix_mode": 0,
      "use_x": true,
      "use_y": true,
      "use_z": true,
      "invert_x": false,
      "invert_y": false,
      "invert_z": false
     }
    },
    {
     "type": "COPY_SCALE",
     "influence": 1.0,
     "owner_space": "WORLD",
     "target_space": "WORLD",
     "target_bone": 28,
     "params": {
      "use_x": true,
      "use_y": true,
      "use_z": true,
      "power": 1.0,
      "use_offset": false
     }
    }
   ],
   "collider": {
    "shape": "none",
    "params": [
     0.0,
     0.0,
     0.0,
     0.0,
     0.0,
     0.0
    ],
    "ccd": false,
    "kinematic": false,
    "mass": 0.0,
    "hull_offset": 0,
    "hull_count": 0,
    "collision_group": 0
   },
   "joint_desc": {
    "type": 1,
    "axis": [
     0.0,
     1.0,
     0.0
    ],
    "rest_length": 0.0,
    "limit_min": [
     0.0,
     0.0,
     -0.0
    ],
    "limit_max": [
     0.0,
     0.0,
     -0.0
    ],
    "limit_axes": 0,
    "stiffness": 0.0,
    "angular_compliance": 0.0,
    "damping": 0.0,
    "yield_strength": 0.0,
    "break_strength": 0.0,
    "mass_scale": 10.0,
    "anchor_a": [
     0.8311488032341003,
     8.752769470214844,
     0.1836962103843689
    ],
    "anchor_b": [
     0.8311488032341003,
     8.752769470214844,
     0.1836962103843689
    ]
   }
  },
  {
   "name": "leg_ik.l",
   "parent": 8,
   "rest_local": [
    0.9888892769813538,
    2.2165477275848389e-07,
    -0.1486535519361496,
    0.0,
    -2.4400651454925537e-07,
    1.0,
    -4.0046870708465576e-08,
    0.0,
    0.1486535668373108,
    7.916241884231567e-08,
    0.988889217376709,
    0.0,
    1.4901161193847656e-08,
    1.1920928955078125e-07,
    -4.1827287673950195,
    1.0
   ],
   "rest_world": [
    0.16989213228225708,
    -0.06344470381736755,
    0.9834182262420654,
    0.0,
    0.9770996570587158,
    0.1405782252550125,
    -0.15973122417926788,
    0.0,
    -0.1281130611896515,
    0.9880349636077881,
    0.08587482571601868,
    0.0,
    1.4666924476623535,
    4.626556396484375,
    0.43996331095695496,
    1.0
   ],
   "tail_pos": [
    1.9407223463058472,
    0.9707375168800354,
    0.12221882492303848
   ],
   "constraints": [
    {
     "type": "COPY_SCALE",
     "influence": 1.0,
     "owner_space": "WORLD",
     "target_space": "WORLD",
     "target_bone": 29,
     "params": {
      "use_x": true,
      "use_y": true,
      "use_z": true,
      "power": 1.0,
      "use_offset": false
     }
    },
    {
     "type": "COPY_ROTATION",
     "influence": 1.0,
     "owner_space": "WORLD",
     "target_space": "WORLD",
     "target_bone": 29,
     "params": {
      "mix_mode": 0,
      "use_x": true,
      "use_y": true,
      "use_z": true,
      "invert_x": false,
      "invert_y": false,
      "invert_z": false
     }
    },
    {
     "type": "IK",
     "influence": 0.0,
     "owner_space": "WORLD",
     "target_space": "WORLD",
     "target_bone": 262,
     "params": {
      "chain_length": 2,
      "pole_target": -1,
      "iterations": 500,
      "weight": 1.0,
      "orient_weight": 1.0,
      "use_tail": true
     }
    }
   ],
   "collider": {
    "shape": "none",
    "params": [
     0.0,
     0.0,
     0.0,
     0.0,
     0.0,
     0.0
    ],
    "ccd": false,
    "kinematic": false,
    "mass": 0.0,
    "hull_offset": 0,
    "hull_count": 0,
    "collision_group": 0
   },
   "joint_desc": {
    "type": 1,
    "axis": [
     0.0,
     1.0,
     0.0
    ],
    "rest_length": 0.0,
    "limit_min": [
     0.0,
     0.0,
     -0.0
    ],
    "limit_max": [
     0.0,
     0.0,
     -0.0
    ],
    "limit_axes": 0,
    "stiffness": 0.0,
    "angular_compliance": 0.0,
    "damping": 0.0,
    "yield_strength": 0.0,
    "break_strength": 0.0,
    "mass_scale": 10.0,
    "anchor_a": [
     1.466692566871643,
     4.6265549659729,
     0.43996334075927734
    ],
    "anchor_b": [
     1.466692566871643,
     4.6265549659729,
     0.43996334075927734
    ]
   }
  },
  {
   "name": "c_thigh_fk.l",
   "parent": 7,
   "rest_local": [
    0.9999999403953552,
    -1.1827796697616577e-07,
    9.313225746154785e-09,
    0.0,
    1.1827796697616577e-07,
    0.9999999403953552,
    1.955777406692505e-08,
    0.0,
    -1.6763806343078613e-08,
    -2.7939677238464355e-09,
    0.9999999403953552,
    0.0,
    2.2351741790771484e-08,
    -5.960464477539063e-08,
    -0.5975338220596313,
    1.0
   ],
   "rest_world": [
    0.14895983040332794,
    0.08413510024547577,
    0.9852574467658997,
    0.0,
    0.9770996570587158,
    0.1405782848596573,
    -0.15973100066184998,
    0.0,
    -0.15194475650787354,
    0.9864885807037354,
    -0.061267927289009094,
    0.0,
    0.8311488032341003,
    8.75277042388916,
    0.1836961805820465,
    1.0
   ],
   "tail_pos": [
    1.466692566871643,
    4.6265549659729,
    0.43996334075927734
   ],
   "constraints": [],
   "collider": {
    "shape": "none",
    "params": [
     0.0,
     0.0,
     0.0,
     0.0,
     0.0,
     0.0
    ],
    "ccd": false,
    "kinematic": false,
    "mass": 0.0,
    "hull_offset": 0,
    "hull_count": 0,
    "collision_group": 0
   },
   "joint_desc": {
    "type": 1,
    "axis": [
     0.0,
     1.0,
     0.0
    ],
    "rest_length": 0.0,
    "limit_min": [
     0.0,
     0.0,
     -0.0
    ],
    "limit_max": [
     0.0,
     0.0,
     -0.0
    ],
    "limit_axes": 0,
    "stiffness": 0.0,
    "angular_compliance": 0.0,
    "damping": 0.0,
    "yield_strength": 0.0,
    "break_strength": 0.0,
    "mass_scale": 10.0,
    "anchor_a": [
     0.8311488032341003,
     8.752769470214844,
     0.1836962103843689
    ],
    "anchor_b": [
     0.8311488032341003,
     8.752769470214844,
     0.1836962103843689
    ]
   }
  },
  {
   "name": "thigh_fk.l",
   "parent": 10,
   "rest_local": [
    0.9999999403953552,
    2.7939677238464355e-09,
    -7.450580596923828e-09,
    0.0,
    -1.5832483768463135e-08,
    0.9999999403953552,
    5.587935447692871e-09,
    0.0,
    7.450580596923828e-09,
    1.862645149230957e-08,
    1.0,
    0.0,
    7.450580596923828e-08,
    3.1478703022003174e-07,
    -6.277114152908325e-07,
    1.0
   ],
   "rest_world": [
    0.14895983040332794,
    0.08413509279489517,
    0.9852574467658997,
    0.0,
    0.9770996570587158,
    0.1405782848596573,
    -0.15973100066184998,
    0.0,
    -0.15194475650787354,
    0.9864885807037354,
    -0.0612679198384285,
    0.0,
    0.8311488032341003,
    8.75277042388916,
    0.1836962103843689,
    1.0
   ],
   "tail_pos": [
    1.466692566871643,
    4.6265549659729,
    0.43996334075927734
   ],
   "constraints": [],
   "collider": {
    "shape": "none",
    "params": [
     0.0,
     0.0,
     0.0,
     0.0,
     0.0,
     0.0
    ],
    "ccd": false,
    "kinematic": false,
    "mass": 0.0,
    "hull_offset": 0,
    "hull_count": 0,
    "collision_group": 0
   },
   "joint_desc": {
    "type": 1,
    "axis": [
     0.0,
     1.0,
     0.0
    ],
    "rest_length": 0.0,
    "limit_min": [
     0.0,
     0.0,
     -0.0
    ],
    "limit_max": [
     0.0,
     0.0,
     -0.0
    ],
    "limit_axes": 0,
    "stiffness": 0.0,
    "angular_compliance": 0.0,
    "damping": 0.0,
    "yield_strength": 0.0,
    "break_strength": 0.0,
    "mass_scale": 10.0,
    "anchor_a": [
     1.466692566871643,
     4.6265549659729,
     0.43996334075927734
    ],
    "anchor_b": [
     0.8311488032341003,
     8.752769470214844,
     0.1836962103843689
    ]
   }
  },
  {
   "name": "c_leg_fk.l",
   "parent": 10,
   "rest_local": [
    0.9888892769813538,
    2.2165477275848389e-07,
    -0.1486535519361496,
    0.0,
    -2.4400651454925537e-07,
    1.0,
    -4.0046870708465576e-08,
    0.0,
    0.1486535668373108,
    7.916241884231567e-08,
    0.988889217376709,
    0.0,
    1.4901161193847656e-08,
    1.1920928955078125e-07,
    -4.1827287673950195,
    1.0
   ],
   "rest_world": [
    0.16989213228225708,
    -0.06344470381736755,
    0.9834182262420654,
    0.0,
    0.9770996570587158,
    0.1405782252550125,
    -0.15973122417926788,
    0.0,
    -0.1281130611896515,
    0.9880349636077881,
    0.08587482571601868,
    0.0,
    1.4666924476623535,
    4.626556396484375,
    0.43996331095695496,
    1.0
   ],
   "tail_pos": [
    1.9407223463058472,
    0.9707375168800354,
    0.12221882492303848
   ],
   "constraints": [],
   "collider": {
    "shape": "none",
    "params": [
     0.0,
     0.0,
     0.0,
     0.0,
     0.0,
     0.0
    ],
    "ccd": false,
    "kinematic": false,
    "mass": 0.0,
    "hull_offset": 0,
    "hull_count": 0,
    "collision_group": 0
   },
   "joint_desc": {
    "type": 1,
    "axis": [
     0.0,
     1.0,
     0.0
    ],
    "rest_length": 0.0,
    "limit_min": [
     0.0,
     0.0,
     -0.0
    ],
    "limit_max": [
     0.0,
     0.0,
     -0.0
    ],
    "limit_axes": 0,
    "stiffness": 0.0,
    "angular_compliance": 0.0,
    "damping": 0.0,
    "yield_strength": 0.0,
    "break_strength": 0.0,
    "mass_scale": 10.0,
    "anchor_a": [
     1.466692566871643,
     4.6265549659729,
     0.43996334075927734
    ],
    "anchor_b": [
     1.466692566871643,
     4.6265549659729,
     0.43996334075927734
    ]
   }
  },
  {
   "name": "leg_fk.l",
   "parent": 12,
   "rest_local": [
    0.9999998807907104,
    1.862645149230957e-09,
    -9.313225746154785e-09,
    0.0,
    0.0,
    0.9999998807907104,
    3.725290298461914e-09,
    0.0,
    1.30385160446167e-08,
    0.0,
    0.9999999403953552,
    0.0,
    1.4901161193847656e-08,
    -1.564621925354004e-07,
    5.885958671569824e-07,
    1.0
   ],
   "rest_world": [
    0.16989213228225708,
    -0.06344471126794815,
    0.9834182262420654,
    0.0,
    0.9770996570587158,
    0.1405782252550125,
    -0.15973122417926788,
    0.0,
    -0.1281130611896515,
    0.9880349636077881,
    0.08587483316659927,
    0.0,
    1.4666924476623535,
    4.626556873321533,
    0.43996337056159973,
    1.0
   ],
   "tail_pos": [
    1.9407223463058472,
    0.9707375168800354,
    0.12221882492303848
   ],
   "constraints": [],
   "collider": {
    "shape": "none",
    "params": [
     0.0,
     0.0,
     0.0,
     0.0,
     0.0,
     0.0
    ],
    "ccd": false,
    "kinematic": false,
    "mass": 0.0,
    "hull_offset": 0,
    "hull_count": 0,
    "collision_group": 0
   },
   "joint_desc": {
    "type": 1,
    "axis": [
     0.0,
     1.0,
     0.0
    ],
    "rest_length": 0.0,
    "limit_min": [
     0.0,
     0.0,
     -0.0
    ],
    "limit_max": [
     0.0,
     0.0,
     -0.0
    ],
    "limit_axes": 0,
    "stiffness": 0.0,
    "angular_compliance": 0.0,
    "damping": 0.0,
    "yield_strength": 0.0,
    "break_strength": 0.0,
    "mass_scale": 10.0,
    "anchor_a": [
     1.9407223463058472,
     0.9707375168800354,
     0.12221882492303848
    ],
    "anchor_b": [
     1.466692566871643,
     4.6265549659729,
     0.43996334075927734
    ]
   }
  },
  {
   "name": "foot.l",
   "parent": 13,
   "rest_local": [
    -0.16800270974636078,
    -0.9761303067207336,
    0.13763932883739471,
    0.0,
    0.5554215908050537,
    0.02162165194749832,
    0.831287682056427,
    0.0,
    -0.8144211769104004,
    0.2161063849925995,
    0.538531482219696,
    0.0,
    -6.332993507385254e-08,
    -2.2351741790771484e-07,
    -3.7000889778137207,
    1.0
   ],
   "rest_world": [
    -0.9999524354934692,
    0.009428679943084717,
    0.002521321177482605,
    0.0,
    0.008989449590444565,
    0.7891423106193542,
    0.6141448020935059,
    0.0,
    0.003800809383392334,
    0.6141385436058044,
    -0.789189338684082,
    0.0,
    1.9407222270965576,
    0.9707391262054443,
    0.12221881747245789,
    1.0
   ],
   "tail_pos": [
    1.9356831312179565,
    0.15650412440299988,
    1.1685370206832886
   ],
   "constraints": [
    {
     "type": "COPY_ROTATION",
     "influence": 1.0,
     "owner_space": "WORLD",
     "target_space": "WORLD",
     "target_bone": 250,
     "params": {
      "mix_mode": 0,
      "use_x": true,
      "use_y": true,
      "use_z": true,
      "invert_x": false,
      "invert_y": false,
      "invert_z": false
     }
    },
    {
     "type": "COPY_SCALE",
     "influence": 1.0,
     "owner_space": "WORLD",
     "target_space": "WORLD",
     "target_bone": 248,
     "params": {
      "use_x": true,
      "use_y": true,
      "use_z": true,
      "power": 1.0,
      "use_offset": false
     }
    },
    {
     "type": "COPY_ROTATION",
     "influence": 0.0,
     "owner_space": "WORLD",
     "target_space": "WORLD",
     "target_bone": 19,
     "params": {
      "mix_mode": 0,
      "use_x": true,
      "use_y": true,
      "use_z": true,
      "invert_x": false,
      "invert_y": false,
      "invert_z": false
     }
    },
    {
     "type": "COPY_SCALE",
     "influence": 0.0,
     "owner_space": "WORLD",
     "target_space": "WORLD",
     "target_bone": 19,
     "params": {
      "use_x": true,
      "use_y": true,
      "use_z": true,
      "power": 1.0,
      "use_offset": false
     }
    },
    {
     "type": "COPY_LOCATION",
     "influence": 1.0,
     "owner_space": "WORLD",
     "target_space": "WORLD",
     "target_bone": 9,
     "params": {
      "use_x": true,
      "use_y": true,
      "use_z": true,
      "invert_x": false,
      "invert_y": false,
      "invert_z": false,
      "use_offset": false
     }
    }
   ],
   "collider": {
    "shape": "convex_hull",
    "params": [
     0.0,
     0.0,
     0.0,
     0.0,
     0.0,
     0.0
    ],
    "ccd": true,
    "kinematic": true,
    "mass": 5.0,
    "hull_offset": 23,
    "hull_count": 25,
    "collision_group": 5
   },
   "joint_desc": {
    "type": 1,
    "axis": [
     0.0,
     1.0,
     0.0
    ],
    "rest_length": 0.0,
    "limit_min": [
     0.0,
     0.0,
     -0.0
    ],
    "limit_max": [
     0.0,
     0.0,
     -0.0
    ],
    "limit_axes": 0,
    "stiffness": 0.0,
    "angular_compliance": 0.0,
    "damping": 0.0,
    "yield_strength": 0.0,
    "break_strength": 0.0,
    "mass_scale": 10.0,
    "anchor_a": [
     1.9407223463058472,
     0.9707375168800354,
     0.12221882492303848
    ],
    "anchor_b": [
     1.9407223463058472,
     0.9707375168800354,
     0.12221882492303848
    ]
   }
  },
  {
   "name": "toes_01.l",
   "parent": 14,
   "rest_local": [
    -0.9999765157699585,
    0.005858790595084429,
    -0.0035796647425740957,
    0.0,
    -0.0027863059658557177,
    -0.8228033781051636,
    -0.5683192610740662,
    0.0,
    -0.006275025196373463,
    -0.5682960748672485,
    0.8228004574775696,
    0.0,
    1.3667158782482147e-07,
    -2.7939677238464355e-08,
    -1.3258140087127686,
    1.0
   ],
   "rest_world": [
    0.9999679923057556,
    -0.007003449369221926,
    0.003901916788890958,
    0.0,
    -0.006770449690520763,
    -0.9983620643615723,
    -0.056815922260284424,
    0.0,
    0.004293365869671106,
    0.056787848472595215,
    -0.99837726354599,
    0.0,
    1.935683012008667,
    0.15650564432144165,
    1.1685371398925781,
    1.0
   ],
   "tail_pos": [
    1.934521198272705,
    0.14113536477088928,
    1.438732385635376
   ],
   "constraints": [
    {
     "type": "COPY_ROTATION",
     "influence": 1.0,
     "owner_space": "WORLD",
     "target_space": "WORLD",
     "target_bone": 259,
     "params": {
      "mix_mode": 0,
      "use_x": true,
      "use_y": true,
      "use_z": true,
      "invert_x": false,
      "invert_y": false,
      "invert_z": false
     }
    },
    {
     "type": "COPY_SCALE",
     "influence": 1.0,
     "owner_space": "WORLD",
     "target_space": "WORLD",
     "target_bone": 259,
     "params": {
      "use_x": true,
      "use_y": true,
      "use_z": true,
      "power": 1.0,
      "use_offset": false
     }
    },
    {
     "type": "COPY_ROTATION",
     "influence": 0.0,
     "owner_space": "WORLD",
     "target_space": "WORLD",
     "target_bone": 20,
     "params": {
      "mix_mode": 0,
      "use_x": true,
      "use_y": true,
      "use_z": true,
      "invert_x": false,
      "invert_y": false,
      "invert_z": false
     }
    },
    {
     "type": "COPY_SCALE",
     "influence": 0.0,
     "owner_space": "WORLD",
     "target_space": "WORLD",
     "target_bone": 20,
     "params": {
      "use_x": true,
      "use_y": true,
      "use_z": true,
      "power": 1.0,
      "use_offset": false
     }
    }
   ],
   "collider": {
    "shape": "none",
    "params": [
     0.0,
     0.0,
     0.0,
     0.0,
     0.0,
     0.0
    ],
    "ccd": false,
    "kinematic": false,
    "mass": 0.0,
    "hull_offset": 0,
    "hull_count": 0,
    "collision_group": 0
   },
   "joint_desc": {
    "type": 1,
    "axis": [
     0.0,
     1.0,
     0.0
    ],
    "rest_length": 0.0,
    "limit_min": [
     0.0,
     0.0,
     -0.0
    ],
    "limit_max": [
     0.0,
     0.0,
     -0.0
    ],
    "limit_axes": 0,
    "stiffness": 0.0,
    "angular_compliance": 0.0,
    "damping": 0.0,
    "yield_strength": 0.0,
    "break_strength": 0.0,
    "mass_scale": 10.0,
    "anchor_a": [
     1.9356831312179565,
     0.15650412440299988,
     1.1685370206832886
    ],
    "anchor_b": [
     1.9356831312179565,
     0.15650412440299988,
     1.1685370206832886
    ]
   }
  },
  {
   "name": "foot_pole.l",
   "parent": 14,
   "rest_local": [
    -0.1680029034614563,
    0.5554214715957642,
    -0.8144212961196899,
    0.0,
    -0.9761303663253784,
    0.021621238440275192,
    0.21610642969608307,
    0.0,
    0.13763903081417084,
    0.831287682056427,
    0.5385313034057617,
    0.0,
    -0.16446834802627563,
    0.4009513258934021,
    -0.7830021381378174,
    1.0
   ],
   "rest_world": [
    0.16989238560199738,
    -0.06344491243362427,
    0.9834182262420654,
    0.0,
    0.9770997166633606,
    0.14057789742946625,
    -0.15973146259784698,
    0.0,
    -0.1281128078699112,
    0.9880349040031433,
    0.08587488532066345,
    0.0,
    2.10581111907959,
    0.8047243356704712,
    0.9859832525253296,
    1.0
   ],
   "tail_pos": [
    2.1532139778137207,
    0.4391411244869232,
    0.9542086720466614
   ],
   "constraints": [],
   "collider": {
    "shape": "none",
    "params": [
     0.0,
     0.0,
     0.0,
     0.0,
     0.0,
     0.0
    ],
    "ccd": false,
    "kinematic": false,
    "mass": 0.0,
    "hull_offset": 0,
    "hull_count": 0,
    "collision_group": 0
   },
   "joint_desc": {
    "type": 1,
    "axis": [
     0.0,
     1.0,
     0.0
    ],
    "rest_length": 0.0,
    "limit_min": [
     0.0,
     0.0,
     -0.0
    ],
    "limit_max": [
     0.0,
     0.0,
     -0.0
    ],
    "limit_axes": 0,
    "stiffness": 0.0,
    "angular_compliance": 0.0,
    "damping": 0.0,
    "yield_strength": 0.0,
    "break_strength": 0.0,
    "mass_scale": 10.0,
    "anchor_a": [
     1.9356831312179565,
     0.15650412440299988,
     1.1685370206832886
    ],
    "anchor_b": [
     2.10581111907959,
     0.8047228455543518,
     0.98598313331604
    ]
   }
  },
  {
   "name": "c_foot_fk_scale_fix.l",
   "parent": 12,
   "rest_local": [
    -0.1520591825246811,
    -0.9798341989517212,
    0.12962573766708374,
    0.0,
    -0.06344792991876602,
    0.14055734872817993,
    0.9880374670028687,
    0.0,
    -0.9863327741622925,
    0.14201569557189941,
    -0.08354146778583527,
    0.0,
    -1.862645149230957e-08,
    -2.2351741790771484e-07,
    -3.7000885009765625,
    1.0
   ],
   "rest_world": [
    -0.9998361468315125,
    -2.123415470123291e-05,
    0.01810392737388611,
    0.0,
    -2.1278858184814453e-05,
    1.0000003576278687,
    2.905726432800293e-07,
    0.0,
    -0.018103942275047302,
    7.450580596923828e-09,
    -0.9998361468315125,
    0.0,
    1.9407222270965576,
    0.9707391262054443,
    0.12221881747245789,
    1.0
   ],
   "tail_pos": [
    1.9553629159927368,
    0.9707375168800354,
    0.9307824373245239
   ],
   "constraints": [
    {
     "type": "COPY_SCALE",
     "influence": 1.0,
     "owner_space": "WORLD",
     "target_space": "WORLD",
     "target_bone": 1,
     "params": {
      "use_x": true,
      "use_y": true,
      "use_z": true,
      "power": 1.0,
      "use_offset": false
     }
    }
   ],
   "collider": {
    "shape": "none",
    "params": [
     0.0,
     0.0,
     0.0,
     0.0,
     0.0,
     0.0
    ],
    "ccd": false,
    "kinematic": false,
    "mass": 0.0,
    "hull_offset": 0,
    "hull_count": 0,
    "collision_group": 0
   },
   "joint_desc": {
    "type": 1,
    "axis": [
     0.0,
     1.0,
     0.0
    ],
    "rest_length": 0.0,
    "limit_min": [
     0.0,
     0.0,
     -0.0
    ],
    "limit_max": [
     0.0,
     0.0,
     -0.0
    ],
    "limit_axes": 0,
    "stiffness": 0.0,
    "angular_compliance": 0.0,
    "damping": 0.0,
    "yield_strength": 0.0,
    "break_strength": 0.0,
    "mass_scale": 10.0,
    "anchor_a": [
     1.9407223463058472,
     0.9707375168800354,
     0.12221882492303848
    ],
    "anchor_b": [
     1.9407223463058472,
     0.9707375168800354,
     0.12221882492303848
    ]
   }
  },
  {
   "name": "c_foot_fk.l",
   "parent": 17,
   "rest_local": [
    1.0,
    5.249942702789667e-09,
    2.2353752626713685e-08,
    0.0,
    -5.246139966885721e-09,
    1.0,
    7.451120609403006e-09,
    0.0,
    -2.421438694000244e-08,
    -7.451099293120933e-09,
    1.0,
    0.0,
    -3.589229891076684e-08,
    -8.707498722060336e-08,
    -9.978258219689451e-09,
    1.0
   ],
   "rest_world": [
    -0.9998361468315125,
    -2.122890691680368e-05,
    0.018103905022144318,
    0.0,
    -2.127374682459049e-05,
    1.0000003576278687,
    2.830277878729248e-07,
    0.0,
    -0.018103918060660362,
    -3.552713678800501e-14,
    -0.9998360872268677,
    0.0,
    1.9407222270965576,
    0.9707391262054443,
    0.12221881747245789,
    1.0
   ],
   "tail_pos": [
    1.9553629159927368,
    0.9707375168800354,
    0.9307824373245239
   ],
   "constraints": [],
   "collider": {
    "shape": "none",
    "params": [
     0.0,
     0.0,
     0.0,
     0.0,
     0.0,
     0.0
    ],
    "ccd": false,
    "kinematic": false,
    "mass": 0.0,
    "hull_offset": 0,
    "hull_count": 0,
    "collision_group": 0
   },
   "joint_desc": {
    "type": 1,
    "axis": [
     0.0,
     1.0,
     0.0
    ],
    "rest_length": 0.0,
    "limit_min": [
     0.0,
     0.0,
     -0.0
    ],
    "limit_max": [
     0.0,
     0.0,
     -0.0
    ],
    "limit_axes": 0,
    "stiffness": 0.0,
    "angular_compliance": 0.0,
    "damping": 0.0,
    "yield_strength": 0.0,
    "break_strength": 0.0,
    "mass_scale": 10.0,
    "anchor_a": [
     1.9553629159927368,
     0.9707375168800354,
     0.9307824373245239
    ],
    "anchor_b": [
     1.9407223463058472,
     0.9707375168800354,
     0.12221882492303848
    ]
   }
  },
  {
   "name": "foot_fk.l",
   "parent": 18,
   "rest_local": [
    0.999833881855011,
    0.009449858218431473,
    0.015582161024212837,
    0.0,
    0.0021137413568794727,
    0.7891421914100647,
    -0.6142070889472961,
    0.0,
    -0.018100708723068237,
    0.6141379475593567,
    0.7889912128448486,
    0.0,
    -1.5303339750971645e-07,
    -1.8468064411081286e-08,
    -2.309718638571212e-09,
    1.0
   ],
   "rest_world": [
    -0.9999523758888245,
    0.00942863617092371,
    0.0025212939362972975,
    0.0,
    0.008989370428025723,
    0.7891424298286438,
    0.6141448616981506,
    0.0,
    0.003800847101956606,
    0.6141385436058044,
    -0.789189338684082,
    0.0,
    1.9407222270965576,
    0.9707391262054443,
    0.12221881747245789,
    1.0
   ],
   "tail_pos": [
    1.9356831312179565,
    0.15650412440299988,
    1.1685370206832886
   ],
   "constraints": [],
   "collider": {
    "shape": "none",
    "params": [
     0.0,
     0.0,
     0.0,
     0.0,
     0.0,
     0.0
    ],
    "ccd": false,
    "kinematic": false,
    "mass": 0.0,
    "hull_offset": 0,
    "hull_count": 0,
    "collision_group": 0
   },
   "joint_desc": {
    "type": 1,
    "axis": [
     0.0,
     1.0,
     0.0
    ],
    "rest_length": 0.0,
    "limit_min": [
     0.0,
     0.0,
     -0.0
    ],
    "limit_max": [
     0.0,
     0.0,
     -0.0
    ],
    "limit_axes": 0,
    "stiffness": 0.0,
    "angular_compliance": 0.0,
    "damping": 0.0,
    "yield_strength": 0.0,
    "break_strength": 0.0,
    "mass_scale": 10.0,
    "anchor_a": [
     1.9553629159927368,
     0.9707375168800354,
     0.9307824373245239
    ],
    "anchor_b": [
     1.9407223463058472,
     0.9707375168800354,
     0.12221882492303848
    ]
   }
  },
  {
   "name": "c_toes_fk.l",
   "parent": 19,
   "rest_local": [
    -0.999976396560669,
    0.005873676389455795,
    -0.003569292603060603,
    0.0,
    -0.0028044474311172962,
    -0.8228031992912292,
    -0.5683193206787109,
    0.0,
    -0.00627494603395462,
    -0.5682955980300903,
    0.8227999806404114,
    0.0,
    1.5704426914453506e-07,
    1.862645149230957e-08,
    -1.3258137702941895,
    1.0
   ],
   "rest_world": [
    0.9999680519104004,
    -0.006985287182033062,
    0.00390290142968297,
    0.0,
    -0.006752263754606247,
    -0.9983621835708618,
    -0.056815892457962036,
    0.0,
    0.004293364472687244,
    0.05678781867027283,
    -0.998376727104187,
    0.0,
    1.935683012008667,
    0.15650570392608643,
    1.1685370206832886,
    1.0
   ],
   "tail_pos": [
    1.9321973323822021,
    0.11039785295724869,
    1.9791228771209717
   ],
   "constraints": [],
   "collider": {
    "shape": "none",
    "params": [
     0.0,
     0.0,
     0.0,
     0.0,
     0.0,
     0.0
    ],
    "ccd": false,
    "kinematic": false,
    "mass": 0.0,
    "hull_offset": 0,
    "hull_count": 0,
    "collision_group": 0
   },
   "joint_desc": {
    "type": 1,
    "axis": [
     0.0,
     1.0,
     0.0
    ],
    "rest_length": 0.0,
    "limit_min": [
     0.0,
     0.0,
     -0.0
    ],
    "limit_max": [
     0.0,
     0.0,
     -0.0
    ],
    "limit_axes": 0,
    "stiffness": 0.0,
    "angular_compliance": 0.0,
    "damping": 0.0,
    "yield_strength": 0.0,
    "break_strength": 0.0,
    "mass_scale": 10.0,
    "anchor_a": [
     1.9356831312179565,
     0.15650412440299988,
