{
 "version": 5,
 "joints": [
  {
   "name": "Root",
   "parent": -1,
   "rest_local": [
    1.0,
    0.0,
    0.0,
    0.0,
    0.0,
    0.0,
    1.0,
    0.0,
    0.0,
    -1.0,
    0.0,
    0.0,
    -0.15045098960399628,
    0.8573243618011475,
    0.0,
    1.0
   ],
   "rest_world": [
    1.0,
    0.0,
    0.0,
    0.0,
    0.0,
    0.0,
    1.0,
    0.0,
    0.0,
    -1.0,
    0.0,
    0.0,
    -0.15045098960399628,
    0.8573243618011475,
    0.0,
    1.0
   ],
   "tail_pos": [
    -0.15045098960399628,
    0.9573243856430054,
    -0.0
   ],
   "constraints": [],
   "collider": {
    "shape": "point",
    "params": [
     0.0,
     0.0,
     0.0,
     0.0,
     0.0,
     0.0
    ],
    "ccd": false,
    "kinematic": false,
    "mass": 8.0,
    "hull_offset": 0,
    "hull_count": 0,
    "collision_group": 7
   },
   "joint_desc": {
    "type": 0,
    "axis": [
     0.0,
     1.0,
     0.0
    ],
    "rest_length": 0.0,
    "limit_min": [
     0.0,
     0.0,
     0.0
    ],
    "limit_max": [
     0.0,
     0.0,
     0.0
    ],
    "limit_axes": 0,
    "stiffness": 0.0,
    "damping": 0.0,
    "yield_strength": 0.0,
    "break_strength": 0.0
   }
  },
  {
   "name": "Abdomen",
   "parent": 0,
   "rest_local": [
    0.6262041926383972,
    0.7784975171089172,
    0.04254309833049774,
    0.0,
    -0.08943478763103485,
    0.12593108415603638,
    -0.9879993796348572,
    0.0,
    -0.7745125889778137,
    0.6148844957351685,
    0.14848333597183228,
    0.0,
    0.0,
    0.0,
    -0.10000002384185791,
    1.0
   ],
   "rest_world": [
    0.6262041926383972,
    -0.04254309833049774,
    0.7784975171089172,
    0.0,
    -0.08943478763103485,
    0.9879993796348572,
    0.12593108415603638,
    0.0,
    -0.7745125889778137,
    -0.14848333597183228,
    0.6148844957351685,
    0.0,
    -0.15045098960399628,
    0.9573243856430054,
    0.0,
    1.0
   ],
   "tail_pos": [
    -0.025537751615047455,
    0.9812717437744141,
    -0.09916845709085464
   ],
   "constraints": [],
   "collider": {
    "shape": "box",
    "params": [
     0.15000000596046448,
     0.10000000149011612,
     0.10000000149011612,
     0.0,
     0.0,
     0.0
    ],
    "ccd": false,
    "kinematic": false,
    "mass": 8.0,
    "hull_offset": 0,
    "hull_count": 0,
    "collision_group": 7
   },
   "joint_desc": {
    "type": 0,
    "axis": [
     0.0,
     1.0,
     0.0
    ],
    "rest_length": 0.0,
    "limit_min": [
     0.0,
     0.0,
     0.0
    ],
    "limit_max": [
     0.0,
     0.0,
     0.0
    ],
    "limit_axes": 0,
    "stiffness": 0.0,
    "damping": 0.0,
    "yield_strength": 0.0,
    "break_strength": 0.0
   }
  },
  {
   "name": "Ribcage",
   "parent": 1,
   "rest_local": [
    0.6053305864334106,
    -0.03653031215071678,
    -0.795135498046875,
    0.0,
    0.7374060750007629,
    0.4018329381942749,
    0.5429205298423767,
    0.0,
    0.2996785044670105,
    -0.9149841666221619,
    0.2701793909072876,
    0.0,
    1.862645149230957e-08,
    8.614733815193176e-09,
    -0.1612798273563385,
    1.0
   ],
   "rest_world": [
    0.9981699585914612,
    0.056219808757305145,
    -0.022268489003181458,
    0.0,
    0.005330178886651993,
    0.2850244641304016,
    0.958505392074585,
    0.0,
    0.06023400276899338,
    -0.9568700790405273,
    0.2842031419277191,
    0.0,
    -0.025537744164466858,
    0.9812717437744141,
    -0.09916845709085464,
    1.0
   ],
   "tail_pos": [
    -0.04252897948026657,
    1.2511920928955078,
    -0.17933841049671173
   ],
   "constraints": [],
   "collider": {
    "shape": "box",
    "params": [
     0.15000000596046448,
     0.20000000298023224,
     0.10000000149011612,
     0.0,
     0.0,
     0.0
    ],
    "ccd": false,
    "kinematic": false,
    "mass": 5.0,
    "hull_offset": 0,
    "hull_count": 0,
    "collision_group": 7
   },
   "joint_desc": {
    "type": 1,
    "axis": [
     0.0,
     1.0,
     0.0
    ],
    "rest_length": 0.0,
    "limit_min": [
     -0.3490658402442932,
     -0.3490658402442932,
     -1.1344640254974365
    ],
    "limit_max": [
     1.6580628156661987,
     0.3490658402442932,
     1.1344640254974365
    ],
    "limit_axes": 7,
    "stiffness": 9000.0,
    "damping": 5.0,
    "yield_strength": 9999.0,
    "break_strength": 250.0,
    "anchor_a": [
     -0.025537751615047455,
     0.9812717437744141,
     -0.09916845709085464
    ],
    "anchor_b": [
     -0.025537751615047455,
     0.9812717437744141,
     -0.09916845709085464
    ]
   }
  },
  {
   "name": "Neck",
   "parent": 2,
   "rest_local": [
    0.9315600395202637,
    0.20255506038665771,
    0.3019394874572754,
    0.0,
    -0.3264089524745941,
    0.8317294120788574,
    0.4490917921066284,
    0.0,
    -0.1601661592721939,
    -0.5169116854667664,
    0.8409216403961182,
    0.0,
    0.0,
    3.2741809263825417e-09,
    -0.2820867598056793,
    1.0
   ],
   "rest_world": [
    0.9491219520568848,
    -0.17881157994270325,
    0.2592178285121918,
    0.0,
    -0.2943277657032013,
    -0.2110098898410797,
    0.9321190714836121,
    0.0,
    -0.11197619885206223,
    -0.9609897136688232,
    -0.25290340185165405,
    0.0,
    -0.04252895712852478,
    1.2511920928955078,
    -0.17933839559555054,
    1.0
   ],
   "tail_pos": [
    -0.020567335188388824,
    1.439668893814087,
    -0.1297370046377182
   ],
   "constraints": [],
   "collider": {
    "shape": "point",
    "params": [
     0.0,
     0.0,
     0.0,
     0.0,
     0.0,
     0.0
    ],
    "ccd": false,
    "kinematic": false,
    "mass": 1.0499999523162842,
    "hull_offset": 0,
    "hull_count": 0,
    "collision_group": 7
   },
   "joint_desc": {
    "type": 1,
    "axis": [
     0.0,
     1.0,
     0.0
    ],
    "rest_length": 0.0,
    "limit_min": [
     -0.5235987901687622,
     -0.5235987901687622,
     -0.8726646304130554
    ],
    "limit_max": [
     0.5235987901687622,
     0.5235987901687622,
     0.8726646304130554
    ],
    "limit_axes": 7,
    "stiffness": 3000.0,
    "damping": 5.0,
    "yield_strength": 99999.0,
    "break_strength": 120.0,
    "anchor_a": [
     -0.04252897948026657,
     1.2511920928955078,
     -0.17933841049671173
    ],
    "anchor_b": [
     -0.04252897948026657,
     1.2511920928955078,
     -0.17933841049671173
    ]
   }
  },
  {
   "name": "Head",
   "parent": 3,
   "rest_local": [
    0.9491220116615295,
    -0.2943277955055237,
    -0.11197614669799805,
    0.0,
    0.19951507449150085,
    0.8371409773826599,
    -0.5093023777008057,
    0.0,
    0.243641659617424,
    0.4610491096973419,
    0.8532716035842896,
    0.0,
    3.3527612686157227e-08,
    -7.450580596923828e-09,
    -0.19612784683704376,
    1.0
   ],
   "rest_world": [
    1.0,
    -3.725290298461914e-09,
    -5.960464477539063e-08,
    0.0,
    4.470348358154297e-08,
    0.277113676071167,
    0.960837185382843,
    0.0,
    -1.4901161193847656e-08,
    -0.9608370661735535,
    0.2771136164665222,
    0.0,
    -0.020567309111356735,
    1.439668893814087,
    -0.1297370046377182,
    1.0
   ],
   "tail_pos": [
    -0.020567335188388824,
    1.5671502351760864,
    -0.16650371253490448
   ],
   "constraints": [],
   "collider": {
    "shape": "capsule",
    "params": [
     0.07999999821186066,
     0.07999999821186066,
     1.0,
     0.0,
     0.0,
     0.0
    ],
    "ccd": false,
    "kinematic": false,
    "mass": 2.0,
    "hull_offset": 0,
    "hull_count": 0,
    "collision_group": 6
   },
   "joint_desc": {
    "type": 1,
    "axis": [
     0.0,
     1.0,
     0.0
    ],
    "rest_length": 0.0,
    "limit_min": [
     -0.1745329201221466,
     -0.1745329201221466,
     -0.1745329201221466
    ],
    "limit_max": [
     0.1745329201221466,
     0.1745329201221466,
     0.1745329201221466
    ],
    "limit_axes": 7,
    "stiffness": 0.0,
    "damping": 0.30000001192092896,
    "yield_strength": 99999.0,
    "break_strength": 120.0,
    "anchor_a": [
     -0.020567335188388824,
     1.439668893814087,
     -0.1297370046377182
    ],
    "anchor_b": [
     -0.020567335188388824,
     1.439668893814087,
     -0.1297370046377182
    ]
   }
  },
  {
   "name": "Clav.R",
   "parent": 2,
   "rest_local": [
    0.11049143224954605,
    0.5714776515960693,
    -0.8131452202796936,
    0.0,
    0.010817034170031548,
    0.8174147009849548,
    0.5759479999542236,
    0.0,
    0.9938184022903442,
    -0.07243319600820541,
    0.08413573354482651,
    0.0,
    0.0,
    3.2741809263825417e-09,
    -0.2820867598056793,
    1.0
   ],
   "rest_world": [
    0.06435631215572357,
    0.9471712708473206,
    0.314205527305603,
    0.0,
    0.0498458594083786,
    -0.3175160586833954,
    0.9469417929649353,
    0.0,
    0.9966813921928406,
    -0.04527991637587547,
    -0.0676468089222908,
    0.0,
    -0.04252895712852478,
    1.2511920928955078,
    -0.17933839559555054,
    1.0
   ],
   "tail_pos": [
    -0.22560419142246246,
    1.2595093250274658,
    -0.1669127196073532
   ],
   "constraints": [],
   "collider": {
    "shape": "none",
    "params": [
     0.0,
     0.0,
     0.0,
     0.0,
     0.0,
     0.0
    ],
    "ccd": false,
    "kinematic": false,
    "mass": 0.5,
    "hull_offset": 0,
    "hull_count": 0,
    "collision_group": 0
   },
   "joint_desc": {
    "type": 3,
    "axis": [
     0.0,
     1.0,
     0.0
    ],
    "rest_length": 0.10000000149011612,
    "limit_min": [
     0.0,
     0.0,
     0.0
    ],
    "limit_max": [
     0.0,
     0.0,
     0.0
    ],
    "limit_axes": 0,
    "stiffness": 0.0,
    "damping": 0.20000000298023224,
    "yield_strength": 999.0,
    "break_strength": 150.0,
    "anchor_a": [
     -0.04252897948026657,
     1.2511920928955078,
     -0.17933841049671173
    ],
    "anchor_b": [
     -0.04252897948026657,
     1.2511920928955078,
     -0.17933841049671173
    ]
   }
  },
  {
   "name": "UArm.R",
   "parent": 5,
   "rest_local": [
    -0.3577674329280853,
    -0.9198635816574097,
    -0.16078969836235046,
    0.0,
    0.8475704193115234,
    -0.3921492099761963,
    0.3575515151023865,
    0.0,
    -0.3919520974159241,
    -0.008360255509614944,
    0.9199473261833191,
    0.0,
    -1.3224780559539795e-07,
    -1.862645149230957e-09,
    -0.1836848109960556,
    1.0
   ],
   "rest_world": [
    -0.22913208603858948,
    -0.03951504826545715,
    -0.9725928902626038,
    0.0,
    0.3913644552230835,
    0.9111181497573853,
    -0.12921835482120514,
    0.0,
    0.8912531137466431,
    -0.4102464020252228,
    -0.19330169260501862,
    0.0,
    -0.22560420632362366,
    1.2595093250274658,
    -0.16691270470619202,
    1.0
   ],
   "tail_pos": [
    -0.39934277534484863,
    1.3394817113876343,
    -0.12923097610473633
   ],
   "constraints": [],
   "collider": {
    "shape": "capsule",
    "params": [
     0.05000000074505806,
     0.20000000298023224,
     1.0,
     0.0,
     0.0,
     0.0
    ],
    "ccd": false,
    "kinematic": false,
    "mass": 1.0,
    "hull_offset": 0,
    "hull_count": 0,
    "collision_group": 7
   },
   "joint_desc": {
    "type": 1,
    "axis": [
     0.0,
     1.0,
     0.0
    ],
    "rest_length": 0.0,
    "limit_min": [
     -2.7925267219543457,
     -1.0471975803375244,
     -3.3161256313323975
    ],
    "limit_max": [
     1.3089969158172607,
     2.7925267219543457,
     2.7925267219543457
    ],
    "limit_axes": 7,
    "stiffness": 0.0,
    "damping": 0.30000001192092896,
    "yield_strength": 99999.0,
    "break_strength": 120.0,
    "anchor_a": [
     -0.22560419142246246,
     1.2595093250274658,
     -0.1669127196073532
    ],
    "anchor_b": [
     -0.22560419142246246,
     1.2595093250274658,
     -0.1669127196073532
    ]
   }
  },
  {
   "name": "FArm.R",
   "parent": 6,
   "rest_local": [
    -0.07367506623268127,
    0.9749109745025635,
    -0.21004854142665863,
    0.0,
    -0.9939432740211487,
    -0.08900186419487,
    -0.06446167826652527,
    0.0,
    -0.08153912425041199,
    0.20402708649635315,
    0.975563645362854,
    0.0,
    -1.1175870895385742e-08,
    -5.587935447692871e-09,
    -0.19493736326694489,
    1.0
   ],
   "rest_world": [
    0.21122042834758759,
    0.9773420095443726,
    -0.013717815279960632,
    0.0,
    0.13546046614646912,
    -0.015370339155197144,
    0.9906633496284485,
    0.0,
    0.9680061936378479,
    -0.21110665798187256,
    -0.1356377750635147,
    0.0,
    -0.39934274554252625,
    1.3394817113876343,
    -0.12923097610473633,
    1.0
   ],
   "tail_pos": [
    -0.6127059459686279,
    1.3860127925872803,
    -0.09933436661958694
   ],
   "constraints": [],
   "collider": {
    "shape": "capsule",
    "params": [
     0.05000000074505806,
     0.10000000149011612,
     1.0,
     0.0,
     0.0,
     0.0
    ],
    "ccd": false,
    "kinematic": false,
    "mass": 1.5,
    "hull_offset": 0,
    "hull_count": 0,
    "collision_group": 4
   },
   "joint_desc": {
    "type": 1,
    "axis": [
     0.0,
     1.0,
     0.0
    ],
    "rest_length": 0.0,
    "limit_min": [
     -0.01745329238474369,
     -0.001745329238474369,
     -1.5707963705062866
    ],
    "limit_max": [
     2.879793167114258,
     0.001745329238474369,
     1.483529806137085
    ],
    "limit_axes": 7,
    "stiffness": 0.0,
    "damping": 0.5,
    "yield_strength": 99999.0,
    "break_strength": 120.0,
    "anchor_a": [
     -0.39934277534484863,
     1.3394817113876343,
     -0.12923097610473633
    ],
    "anchor_b": [
     -0.39934277534484863,
     1.3394817113876343,
     -0.12923097610473633
    ]
   }
  },
  {
   "name": "Hand.R",
   "parent": 7,
   "rest_local": [
    0.933376133441925,
    -0.03880709037184715,
    -0.3567953109741211,
    0.0,
    0.09156681597232819,
    0.9869862198829651,
    0.13218851387500763,
    0.0,
    0.3470221757888794,
    -0.15605220198631287,
    0.9247829914093018,
    0.0,
    -9.906943887472153e-08,
    -1.862645149230957e-08,
    -0.22041510045528412,
    1.0
   ],
   "rest_world": [
    -0.15348879992961884,
    0.9881460070610046,
    -0.002853717654943466,
    0.0,
    0.28099769353866577,
    0.04641591012477875,
    0.9585852026939392,
    0.0,
    0.9473549127578735,
    0.1463300734758377,
    -0.28479111194610596,
    0.0,
    -0.6127059459686279,
    1.3860127925872803,
    -0.09933435916900635,
    1.0
   ],
   "tail_pos": [
    -0.8108568787574768,
    1.3554060459136963,
    -0.03976679593324661
   ],
   "constraints": [],
   "collider": {
    "shape": "convex_hull",
    "params": [
     0.0,
     0.0,
     0.0,
     0.0,
     0.0,
     0.0
    ],
    "ccd": true,
    "kinematic": false,
    "mass": 1.0,
    "hull_offset": 0,
    "hull_count": 26,
    "collision_group": 4
   },
   "joint_desc": {
    "type": 1,
    "axis": [
     0.0,
     1.0,
     0.0
    ],
    "rest_length": 0.0,
    "limit_min": [
     -0.1745329201221466,
     -1.5707963705062866,
     -0.01745329238474369
    ],
    "limit_max": [
     0.3490658402442932,
     1.5707963705062866,
     0.01745329238474369
    ],
    "limit_axes": 7,
    "stiffness": 900.0,
    "damping": 3.0,
    "yield_strength": 99999.0,
    "break_strength": 150.0,
    "anchor_a": [
     -0.6127059459686279,
     1.3860127925872803,
     -0.09933436661958694
    ],
    "anchor_b": [
     -0.6127059459686279,
     1.3860127925872803,
     -0.09933436661958694
    ]
   }
  },
  {
   "name": "Clav.L",
   "parent": 2,
   "rest_local": [
    0.0684870183467865,
    -0.4091385006904602,
    0.9098984003067017,
    0.0,
    -0.020400583744049072,
    0.9112749099731445,
    0.4112929105758667,
    0.0,
    -0.9974433183670044,
    -0.0467306524515152,
    0.05406373739242554,
    0.0,
    0.0,
    3.2741809263825417e-09,
    -0.2820867598056793,
    1.0
   ],
   "rest_world": [
    0.12098772823810577,
    -0.9834187030792236,
    -0.13509058952331543,
    0.0,
    0.00926782563328743,
    -0.13496515154838562,
    0.9908069372177124,
    0.0,
    -0.9926105737686157,
    -0.12112743407487869,
    -0.007214941084384918,
    0.0,
    -0.04252895712852478,
    1.2511920928955078,
    -0.17933839559555054,
    1.0
   ],
   "tail_pos": [
    0.1518002152442932,
    1.2749059200286865,
    -0.17792589962482452
   ],
   "constraints": [],
   "collider": {
    "shape": "capsule",
    "params": [
     0.07999999821186066,
     0.10000000149011612,
     1.0,
     0.0,
     0.0,
     0.0
    ],
    "ccd": false,
    "kinematic": false,
    "mass": 0.5,
    "hull_offset": 0,
    "hull_count": 0,
    "collision_group": 7
   },
   "joint_desc": {
    "type": 3,
    "axis": [
     0.0,
     1.0,
     0.0
    ],
    "rest_length": 0.10000000149011612,
    "limit_min": [
     0.0,
     0.0,
     0.0
    ],
    "limit_max": [
     0.0,
     0.0,
     0.0
    ],
    "limit_axes": 0,
    "stiffness": 0.0,
    "damping": 0.20000000298023224,
    "yield_strength": 999.0,
    "break_strength": 150.0,
    "anchor_a": [
     -0.04252897948026657,
     1.2511920928955078,
     -0.17933841049671173
    ],
    "anchor_b": [
     -0.04252897948026657,
     1.2511920928955078,
     -0.17933841049671173
    ]
   }
  },
  {
   "name": "UArm.L",
   "parent": 9,
   "rest_local": [
    0.9524118304252625,
    0.09240388125181198,
    -0.290470689535141,
    0.0,
    -0.1164853572845459,
    0.9909502267837524,
    -0.06669998168945312,
    0.0,
    0.2816786766052246,
    0.09736143797636032,
    0.9545562863349915,
    0.0,
    2.60770320892334e-08,
    -4.2957253754138947e-08,
    -0.19577589631080627,
    1.0
   ],
   "rest_world": [
    0.40441080927848816,
    -0.9139069318771362,
    -0.03501174598932266,
    0.0,
    0.061297766864299774,
    -0.011110670864582062,
    0.9980576634407043,
    0.0,
    -0.912520706653595,
    -0.4057714343070984,
    0.051527176052331924,
    0.0,
    0.1518002599477768,
    1.2749059200286865,
    -0.17792588472366333,
    1.0
   ],
   "tail_pos": [
    0.2981278896331787,
    1.3399735689163208,
    -0.18618856370449066
   ],
   "constraints": [],
   "collider": {
    "shape": "capsule",
    "params": [
     0.05000000074505806,
     0.20000000298023224,
     1.0,
     0.0,
     0.0,
     0.0
    ],
    "ccd": false,
    "kinematic": false,
    "mass": 1.0,
    "hull_offset": 0,
    "hull_count": 0,
    "collision_group": 7
   },
   "joint_desc": {
    "type": 1,
    "axis": [
     0.0,
     1.0,
     0.0
    ],
    "rest_length": 0.0,
    "limit_min": [
     -2.7925267219543457,
     -1.0471975803375244,
     -3.3161256313323975
    ],
    "limit_max": [
     1.3089969158172607,
     2.7925267219543457,
     2.7925267219543457
    ],
    "limit_axes": 7,
    "stiffness": 0.0,
    "damping": 0.30000001192092896,
    "yield_strength": 99999.0,
    "break_strength": 120.0,
    "anchor_a": [
     0.1518002152442932,
     1.2749059200286865,
     -0.17792589962482452
    ],
    "anchor_b": [
     0.1518002152442932,
     1.2749059200286865,
     -0.17792589962482452
    ]
   }
  },
  {
   "name": "FArm.L",
   "parent": 10,
   "rest_local": [
    0.9763479232788086,
    0.0264190174639225,
    0.21458548307418823,
    0.0,
    -0.02627512626349926,
    0.9996485710144043,
    -0.0035233963280916214,
    0.0,
    -0.21460309624671936,
    -0.0021982011385262012,
    0.9766986966133118,
    0.0,
    -1.3923272490501404e-07,
    -4.6566128730773926e-09,
    -0.16035546362400055,
    1.0
   ],
   "rest_world": [
    0.2006513923406601,
    -0.9796572923660278,
    0.003241041675209999,
    0.0,
    0.053865451365709305,
    0.014335948042571545,
    0.9984452724456787,
    0.0,
    -0.9781803488731384,
    -0.20016475021839142,
    0.055646225810050964,
    0.0,
    0.2981279194355011,
    1.3399735689163208,
    -0.18618854880332947,
    1.0
   ],
   "tail_pos": [
    0.4957541823387146,
    1.3804137706756592,
    -0.1974310278892517
   ],
   "constraints": [],
   "collider": {
    "shape": "capsule",
    "params": [
     0.05000000074505806,
     0.10000000149011612,
     1.0,
     0.0,
     0.0,
     0.0
    ],
    "ccd": false,
    "kinematic": false,
    "mass": 1.5,
    "hull_offset": 0,
    "hull_count": 0,
    "collision_group": 5
   },
   "joint_desc": {
    "type": 1,
    "axis": [
     0.0,
     1.0,
     0.0
    ],
    "rest_length": 0.0,
    "limit_min": [
     -0.01745329238474369,
     -0.001745329238474369,
     -1.5707963705062866
    ],
    "limit_max": [
     2.879793167114258,
     0.001745329238474369,
     1.483529806137085
    ],
    "limit_axes": 7,
    "stiffness": 0.0,
    "damping": 0.5,
    "yield_strength": 99999.0,
    "break_strength": 120.0,
    "anchor_a": [
     0.2981278896331787,
     1.3399735689163208,
     -0.18618856370449066
    ],
    "anchor_b": [
     0.2981278896331787,
     1.3399735689163208,
     -0.18618856370449066
    ]
   }
  },
  {
   "name": "Hand.L",
   "parent": 11,
   "rest_local": [
    0.9856429696083069,
    -0.09148932248353958,
    0.1419074982404709,
    0.0,
    0.07931870967149734,
    0.9928520917892456,
    0.08918093889951706,
    0.0,
    -0.14905227720737457,
    -0.07664463669061661,
    0.98585444688797,
    0.0,
    5.814945325255394e-08,
    -5.587935447692871e-09,
    -0.202034592628479,
    1.0
   ],
   "rest_world": [
    0.0540313720703125,
    -0.9953087568283081,
    -0.08025595545768738,
    0.0,
    -0.017839204519987106,
    -0.0813225582242012,
    0.9965280890464783,
    0.0,
    -0.9983794093132019,
    -0.052411921322345734,
    -0.022149480879306793,
    0.0,
    0.4957541823387146,
    1.3804137706756592,
    -0.19743101298809052,
    1.0
   ],
   "tail_pos": [
    0.6988780498504639,
    1.3910771608352661,
    -0.1929246336221695
   ],
   "constraints": [],
   "collider": {
    "shape": "convex_hull",
    "params": [
     0.0,
     0.0,
     0.0,
     0.0,
     0.0,
     0.0
    ],
    "ccd": true,
    "kinematic": false,
    "mass": 1.0,
    "hull_offset": 26,
    "hull_count": 24,
    "collision_group": 5
   },
   "joint_desc": {
    "type": 1,
    "axis": [
     0.0,
     1.0,
     0.0
    ],
    "rest_length": 0.0,
    "limit_min": [
     -0.1745329201221466,
     -1.5707963705062866,
     -0.01745329238474369
    ],
    "limit_max": [
     0.3490658402442932,
     1.5707963705062866,
     0.01745329238474369
    ],
    "limit_axes": 7,
    "stiffness": 900.0,
    "damping": 3.0,
    "yield_strength": 99999.0,
    "break_strength": 150.0,
    "anchor_a": [
     0.4957541823387146,
     1.3804137706756592,
     -0.1974310278892517
    ],
    "anchor_b": [
     0.4957541823387146,
     1.3804137706756592,
     -0.1974310278892517
    ]
   }
  },
  {
   "name": "Pelvis.R",
   "parent": 0,
   "rest_local": [
    -0.09340384602546692,
    -0.9950093626976013,
    -0.03510187566280365,
    0.0,
    0.12792034447193146,
    0.022970549762248993,
    -0.9915184378623962,
    0.0,
    0.9873766303062439,
    -0.09710171818733215,
    0.12513640522956848,
    0.0,
    0.12371556460857391,
    -0.05379125103354454,
    0.09015780687332153,
    1.0
   ],
   "rest_world": [
    -0.09340384602546692,
    0.03510187566280365,
    -0.9950093626976013,
    0.0,
    0.12792034447193146,
    0.9915184378623962,
    0.022970549762248993,
    0.0,
    0.9873766303062439,
    -0.12513640522956848,
    -0.09710171818733215,
    0.0,
    -0.026735424995422363,
    0.7671665549278259,
    -0.05379125103354454,
    1.0
   ],
   "tail_pos": [
    -0.1368972212076187,
    0.7811280488967896,
    -0.04295759275555611
   ],
   "constraints": [],
   "collider": {
    "shape": "capsule",
    "params": [
     0.05000000074505806,
     0.20000000298023224,
     1.0,
     0.0,
     0.0,
     0.0
    ],
    "ccd": false,
    "kinematic": false,
    "mass": 5.0,
    "hull_offset": 0,
    "hull_count": 0,
    "collision_group": 7
   },
   "joint_desc": {
    "type": 4,
    "axis": [
     0.0,
     1.0,
     0.0
    ],
    "rest_length": 0.0,
    "limit_min": [
     0.0,
     0.0,
     0.0
    ],
    "limit_max": [
     0.0,
     0.0,
     0.0
    ],
    "limit_axes": 0,
    "stiffness": 0.0,
    "damping": 10.0,
    "yield_strength": 99999.0,
    "break_strength": 20.0,
    "anchor_a": [
     -0.026735424995422363,
     0.7671665549278259,
     -0.05379125103354454
    ],
    "anchor_b": [
     -0.026735424995422363,
     0.7671665549278259,
     -0.05379125103354454
    ]
   }
  },
  {
   "name": "Thigh.R",
   "parent": 13,
   "rest_local": [
    0.9936258792877197,
    0.024296311661601067,
    0.11007940769195557,
    0.0,
    0.09090025722980499,
    0.4048355221748352,
    -0.9098600149154663,
    0.0,
    -0.06667029857635498,
    0.914066731929779,
    0.40004652738571167,
    0.0,
    -1.862645149230957e-09,
    -3.795139491558075e-08,
    -0.11157020181417465,
    1.0
   ],
   "rest_world": [
    0.018989352509379387,
    0.04519342631101608,
    -0.9987977743148804,
    0.0,
    -0.8550782203674316,
    0.5184492468833923,
    0.007201657630503178,
    0.0,
    0.5181515216827393,
    0.8539133071899414,
    0.04848897457122803,
    0.0,
    -0.1368972361087799,
    0.7811280488967896,
    -0.04295759275555611,
    1.0
   ],
   "tail_pos": [
    -0.3440527319908142,
    0.43973588943481445,
    -0.062343351542949677
   ],
   "constraints": [],
   "collider": {
    "shape": "capsule",
    "params": [
     0.0860000029206276,
     0.15000000596046448,
     1.0,
     0.0,
     0.0,
     0.0
    ],
    "ccd": false,
    "kinematic": false,
    "mass": 2.0,
    "hull_offset": 0,
    "hull_count": 0,
    "collision_group": 7
   },
   "joint_desc": {
    "type": 1,
    "axis": [
     0.0,
     1.0,
     0.0
    ],
    "rest_length": 0.0,
    "limit_min": [
     -1.2217304706573486,
     -0.0872664600610733,
     -0.001745329238474369
    ],
    "limit_max": [
     1.2217304706573486,
     2.268928050994873,
     0.001745329238474369
    ],
    "limit_axes": 7,
    "stiffness": 0.0,
    "damping": 0.5,
    "yield_strength": 9999.0,
    "break_strength": 200.0,
    "anchor_a": [
     -0.1368972212076187,
     0.7811280488967896,
     -0.04295759275555611
    ],
    "anchor_b": [
     -0.1368972212076187,
     0.7811280488967896,
     -0.04295759275555611
    ]
   }
  },
  {
   "name": "Calf.R",
   "parent": 14,
   "rest_local": [
    0.998384952545166,
    0.005944597069174051,
    0.05649960786104202,
    0.0,
    -0.005339512601494789,
    0.9999268651008606,
    -0.010854480788111687,
    0.0,
    -0.05655999109148979,
    0.010535232722759247,
    0.9983436465263367,
    0.0,
    -2.7939677238464355e-09,
    4.854518920183182e-08,
    -0.3997970521450043,
    1.0
   ],
   "rest_world": [
    0.043150946497917175,
    0.09644817560911179,
    -0.994402289390564,
    0.0,
    -0.860741376876831,
    0.5089012384414673,
    0.012007899582386017,
    0.0,
    0.5072107911109924,
    0.855404794216156,
    0.10497652739286423,
    0.0,
    -0.3440527319908142,
    0.43973591923713684,
    -0.06234334781765938,
    1.0
   ],
   "tail_pos": [
    -0.5907986164093018,
    0.023601945489645004,
    -0.11341191828250885
   ],
   "constraints": [],
   "collider": {
    "shape": "capsule",
    "params": [
     0.07699999958276749,
     0.1899999976158142,
     1.0,
     0.0,
     0.0,
     0.0
    ],
    "ccd": false,
    "kinematic": false,
    "mass": 3.0,
    "hull_offset": 0,
    "hull_count": 0,
    "collision_group": 2
   },
   "joint_desc": {
    "type": 1,
    "axis": [
     0.0,
     1.0,
     0.0
    ],
    "rest_length": 0.0,
    "limit_min": [
     -0.1745329201221466,
     -3.3161256313323975,
     -0.0872664600610733
    ],
    "limit_max": [
     0.1745329201221466,
     0.05235987901687622,
     0.0872664600610733
    ],
    "limit_axes": 7,
    "stiffness": 0.0,
    "damping": 0.699999988079071,
    "yield_strength": 99999.0,
    "break_strength": 180.0,
    "anchor_a": [
     -0.3440527319908142,
     0.43973588943481445,
     -0.062343351542949677
    ],
    "anchor_b": [
     -0.3440527319908142,
     0.43973588943481445,
     -0.062343351542949677
    ]
   }
  },
  {
   "name": "Foot.R",
   "parent": 15,
   "rest_local": [
    -0.17832723259925842,
    -0.40774011611938477,
    -0.8955151438713074,
    0.0,
    -0.459062784910202,
    0.8394612073898315,
    -0.2908031642436981,
    0.0,
    0.8703223466873169,
    0.3592396080493927,
    -0.3368770182132721,
    0.0,
    -6.28642737865448e-09,
    -5.564652383327484e-08,
    -0.4864760637283325,
    1.0
   ],
   "rest_world": [
    -0.11095112562179565,
    -0.9907267093658447,
    0.0784248411655426,
    0.0,
    -0.8898664116859436,
    0.13417261838912964,
    0.43604570627212524,
    0.0,
    -0.442524790763855,
    -0.021407783031463623,
    -0.8965009450912476,
    0.0,
    -0.5907986164093018,
    0.023601949214935303,
    -0.11341191828250885,
    1.0
   ],
   "tail_pos": [
    -0.49429938197135925,
    0.028270233422517776,
    0.08208367973566055
   ],
   "constraints": [],
   "collider": {
    "shape": "convex_hull",
    "params": [
     0.0,
     0.0,
     0.0,
     0.0,
     0.0,
     0.0
    ],
    "ccd": true,
    "kinematic": false,
    "mass": 2.0,
    "hull_offset": 50,
    "hull_count": 23,
    "collision_group": 2
   },
   "joint_desc": {
    "type": 1,
    "axis": [
     0.0,
     1.0,
     0.0
    ],
    "rest_length": 0.0,
    "limit_min": [
     -0.3490658402442932,
     -1.5707963705062866,
     -0.5235987901687622
    ],
    "limit_max": [
     1.5707963705062866,
     0.1745329201221466,
     0.5235987901687622
    ],
    "limit_axes": 7,
    "stiffness": 1200.0,
    "damping": 3.0,
    "yield_strength": 9999.0,
    "break_strength": 150.0,
    "anchor_a": [
     -0.5907986164093018,
     0.023601945489645004,
     -0.11341191828250885
    ],
    "anchor_b": [
     -0.5907986164093018,
     0.023601945489645004,
     -0.11341191828250885
    ]
   }
  },
  {
   "name": "Pelvis.L",
   "parent": 0,
   "rest_local": [
    -0.010507100261747837,
    0.99994295835495,
    0.0019222013652324677,
    0.0,
    -0.4888138175010681,
    -0.0034593241289258003,
    -0.8723812103271484,
    0.0,
    -0.8723247647285461,
    -0.01010578777641058,
    0.4888223111629486,
    0.0,
    0.15856249630451202,
    -0.05288182571530342,
    0.09111064672470093,
    1.0
   ],
   "rest_world": [
    -0.010507100261747837,
    -0.0019222013652324677,
    0.99994295835495,
    0.0,
    -0.4888138175010681,
    0.8723812103271484,
    -0.0034593241289258003,
    0.0,
    -0.8723247647285461,
    -0.4888223111629486,
    -0.01010578777641058,
    0.0,
    0.008111506700515747,
    0.7662137150764465,
    -0.05288182571530342,
    1.0
   ],
   "tail_pos": [
    0.11251717805862427,
    0.824719250202179,
    -0.05167229846119881
   ],
   "constraints": [],
   "collider": {
    "shape": "capsule",
    "params": [
     0.05000000074505806,
     0.20000000298023224,
     1.0,
     0.0,
     0.0,
     0.0
    ],
    "ccd": false,
    "kinematic": false,
    "mass": 5.0,
    "hull_offset": 0,
    "hull_count": 0,
    "collision_group": 7
   },
   "joint_desc": {
    "type": 4,
    "axis": [
     0.0,
     1.0,
     0.0
    ],
    "rest_length": 0.0,
    "limit_min": [
     0.0,
     0.0,
     0.0
    ],
    "limit_max": [
     0.0,
     0.0,
     0.0
    ],
    "limit_axes": 0,
    "stiffness": 0.0,
    "damping": 10.0,
    "yield_strength": 99999.0,
    "break_strength": 20.0,
    "anchor_a": [
     0.008111508563160896,
     0.7662137150764465,
     -0.05288182571530342
    ],
    "anchor_b": [
     0.008111508563160896,
     0.7662137150764465,
     -0.05288182571530342
    ]
   }
  },
  {
   "name": "Thigh.L",
   "parent": 17,
   "rest_local": [
    0.9797648787498474,
    -0.19986172020435333,
    0.01077295932918787,
    0.0,
    -0.004181218799203634,
    -0.07425007969141006,
    -0.9972308874130249,
    0.0,
    0.20010818541049957,
    0.977006733417511,
    -0.07358335703611374,
    0.0,
    -3.841705620288849e-09,
    -2.1842424757778645e-08,
    -0.11968667805194855,
    1.0
   ],
   "rest_world": [
    0.0780031681060791,
    -0.1815049797296524,
    0.980291485786438,
    0.0,
    0.906247615814209,
    0.4227023720741272,
    0.006153678521513939,
    0.0,
    -0.4154883921146393,
    0.8879068493843079,
    0.1974606066942215,
    0.0,
    0.11251718550920486,
    0.824719250202179,
    -0.05167229846119881,
    1.0
   ],
   "tail_pos": [
    0.3003665506839752,
    0.4232814610004425,
    -0.14094758033752441
   ],
   "constraints": [],
   "collider": {
    "shape": "capsule",
    "params": [
     0.0860000029206276,
     0.1599999964237213,
     1.0,
     0.0,
     0.0,
     0.0
    ],
    "ccd": false,
    "kinematic": false,
    "mass": 2.0,
    "hull_offset": 0,
    "hull_count": 0,
    "collision_group": 7
   },
   "joint_desc": {
    "type": 1,
    "axis": [
     0.0,
     1.0,
     0.0
    ],
    "rest_length": 0.0,
    "limit_min": [
     -1.2217304706573486,
     -0.0872664600610733,
     -0.001745329238474369
    ],
    "limit_max": [
     1.2217304706573486,
     2.268928050994873,
     0.001745329238474369
    ],
    "limit_axes": 7,
    "stiffness": 0.0,
    "damping": 0.5,
    "yield_strength": 9999.0,
    "break_strength": 200.0,
    "anchor_a": [
     0.11251717805862427,
     0.824719250202179,
     -0.05167229846119881
    ],
    "anchor_b": [
     0.11251717805862427,
     0.824719250202179,
     -0.05167229846119881
    ]
   }
  },
  {
   "name": "Calf.L",
   "parent": 18,
   "rest_local": [
    0.999754786491394,
    -0.022105669602751732,
    -0.0013246703892946243,
    0.0,
    0.022145073860883713,
    0.9976655840873718,
    0.06459811329841614,
    0.0,
    -0.00010638684034347534,
    -0.06461159884929657,
    0.9979104399681091,
    0.0,
    3.725290298461914e-09,
    2.2351741790771484e-08,
    -0.45211702585220337,
    1.0
   ],
   "rest_world": [
    0.058501213788986206,
    -0.19198077917099,
    0.979653537273407,
    0.0,
    0.8790197372436523,
    0.4750533103942871,
    0.040603525936603546,
    0.0,
    -0.47318264842033386,
    0.8587594032287598,
    0.19654612243175507,
    0.0,
    0.3003665506839752,
    0.4232814610004425,
    -0.1409475952386856,
    1.0
   ],
   "tail_pos": [
    0.5179595947265625,
    0.02838096022605896,
    -0.2313293069601059
   ],
   "constraints": [],
   "collider": {
    "shape": "capsule",
    "params": [
     0.07599999755620956,
     0.20000000298023224,
     1.0,
     0.0,
     0.0,
     0.0
    ],
    "ccd": false,
    "kinematic": false,
    "mass": 3.0,
    "hull_offset": 0,
    "hull_count": 0,
    "collision_group": 1
   },
   "joint_desc": {
    "type": 1,
    "axis": [
     0.0,
     1.0,
     0.0
    ],
    "rest_length": 0.0,
    "limit_min": [
     -0.1745329201221466,
     -3.3161256313323975,
     -0.0872664600610733
    ],
    "limit_max": [
     0.1745329201221466,
     0.05235987901687622,
     0.0872664600610733
    ],
    "limit_axes": 7,
    "stiffness": 0.0,
    "damping": 0.699999988079071,
    "yield_strength": 99999.0,
    "break_strength": 180.0,
    "anchor_a": [
     0.3003665506839752,
     0.4232814610004425,
     -0.14094758033752441
    ],
    "anchor_b": [
     0.3003665506839752,
     0.4232814610004425,
     -0.14094758033752441
    ]
   }
  },
  {
   "name": "Foot.L",
   "parent": 19,
   "rest_local": [
    -0.11083855479955673,
    -0.5518067479133606,
    0.8265737891197205,
    0.0,
    -0.15157201886177063,
    0.8313544988632202,
    0.5346733331680298,
    0.0,
    -0.9822123646736145,
    -0.0660230964422226,
    -0.17578445374965668,
    0.0,
    -1.0244548320770264e-08,
    -5.494803190231323e-08,
    -0.4598500430583954,
    1.0
   ],
   "rest_world": [
    -0.8826536536216736,
    0.46896928548812866,
    0.03147120028734207,
    0.0,
    0.46891170740127563,
    0.8831924200057983,
    -0.009644154459238052,
    0.0,
    -0.03231806308031082,
    0.006244834512472153,
    -0.9994583129882812,
    0.0,
    0.5179595947265625,
    0.028380900621414185,
    -0.23132933676242828,
    1.0
   ],
   "tail_pos": [
    0.5248941779136658,
    0.027040995657444,
    -0.016872473061084747
   ],
   "constraints": [],
   "collider": {
    "shape": "convex_hull",
    "params": [
     0.0,
     0.0,
     0.0,
     0.0,
     0.0,
     0.0
    ],
    "ccd": true,
    "kinematic": false,
    "mass": 2.0,
    "hull_offset": 73,
    "hull_count": 24,
    "collision_group": 1
   },
   "joint_desc": {
    "type": 1,
    "axis": [
     0.0,
     1.0,
     0.0
    ],
    "rest_length": 0.0,
    "limit_min": [
     -0.3490658402442932,
     -1.5707963705062866,
     -0.5235987901687622
    ],
    "limit_max": [
     1.5707963705062866,
     0.1745329201221466,
     0.5235987901687622
    ],
    "limit_axes": 7,
    "stiffness": 1200.0,
    "damping": 3.0,
    "yield_strength": 99999.0,
    "break_strength": 150.0,
    "anchor_a": [
     0.5179595947265625,
     0.02838096022605896,
     -0.2313293069601059
    ],
    "anchor_b": [
     0.5179595947265625,
     0.02838096022605896,
     -0.2313293069601059
    ]
   }
  }
 ],
 "ibms": [
  [
   1.0,
   0.0,
   0.0,
   0.0,
   0.0,
   0.0,
   -1.0,
   0.0,
   0.0,
   1.0,
   0.0,
   0.0,
   0.1696908324956894,
   0.023479700088500977,
   0.864570140838623,
   1.0
  ],
  [
   0.626204252243042,
   -0.08943482488393784,
   -0.7745126485824585,
   0.0,
   -0.04254314675927162,
   0.987999439239502,
   -0.14848335087299347,
   0.0,
   0.778497576713562,
   0.12593106925487518,
   0.6148845553398132,
   0.0,
   0.16557584702968597,
   -0.9652142524719238,
   0.026232220232486725,
   1.0
  ],
  [
   0.9981701374053955,
   0.005330205895006657,
   0.06023406609892845,
   0.0,
   0.05621977522969246,
   0.28502440452575684,
   -0.9568701386451721,
   0.0,
   -0.02226845733821392,
   0.9585054516792297,
   0.28420326113700867,
   0.0,
   -0.013609766028821468,
   -0.1639540195465088,
   0.9834371209144592,
   1.0
  ],
  [
   0.9491220116615295,
   -0.2943277359008789,
   -0.11197616904973984,
   0.0,
   -0.17881165444850922,
   -0.21100996434688568,
   -0.960989773273468,
   0.0,
   0.25921788811683655,
   0.9321191310882568,
   -0.25290337204933167,
   0.0,
   0.3362235724925995,
   0.4364132881164551,
   1.1511359214782715,
   1.0
  ],
  [
   1.0,
   5.8302681793520605e-08,
   1.2937865001561022e-08,
   0.0,
   -2.6705533784365798e-08,
   0.2771136164665222,
   -0.960837185382843,
   0.0,
   -3.88234475678928e-08,
   0.9608370661735535,
   0.277113676071167,
   0.0,
   0.03980718553066254,
   -0.2537434697151184,
   1.4327077865600586,
   1.0
  ],
  [
   0.06435638666152954,
   0.04984590783715248,
   0.9966812133789062,
   0.0,
   0.9471710324287415,
   -0.3175162672996521,
   -0.04527983441948891,
   0.0,
   0.3142052888870239,
   0.9469419121742249,
   -0.06764671951532364,
   0.0,
   -1.1242542266845703,
   0.5947104096412659,
   0.10482566803693771,
   1.0
  ],
  [
   -0.22913213074207306,
   0.39136454463005066,
   0.8912534117698669,
   0.0,
   -0.03951486200094223,
   0.9111183285713196,
   -0.41024652123451233,
   0.0,
   -0.9725930690765381,
   -0.12921856343746185,
   -0.19330169260501862,
   0.0,
   -0.19122032821178436,
   -1.0829428434371948,
   0.7010967135429382,
   1.0
  ],
  [
   0.21122053265571594,
   0.1354604959487915,
   0.9680066108703613,
   0.0,
   0.9773423671722412,
   -0.015370547771453857,
   -0.21110667288303375,
   0.0,
   -0.013718030415475368,
   0.9906637072563171,
   -0.1356378048658371,
   0.0,
   -1.2298954725265503,
   0.22868625819683075,
   0.6687804460525513,
   1.0
  ],
  [
   -0.15348875522613525,
   0.28099772334098816,
   0.9473550319671631,
   0.0,
   0.9881465435028076,
   0.04641575366258621,
   0.14633028209209442,
   0.0,
   -0.002853927668184042,
   0.9585855007171631,
   -0.2847912311553955,
   0.0,
   -1.4740906953811646,
   0.2306339591741562,
   0.3598247170448303,
   1.0
  ],
  [
   0.12098770588636398,
   0.009267870336771011,
   -0.9926108717918396,
   0.0,
   -0.983418881893158,
   -0.13496531546115875,
   -0.12112751603126526,
   0.0,
   -0.13509047031402588,
   0.990807056427002,
   -0.007214976008981466,
   0.0,
   1.2176460027694702,
   0.3713715076446533,
   0.08965574204921722,
   1.0
  ],
  [
