{
 "version": 5,
 "joints": [
  {
   "name": "Abdomen",
   "parent": -1,
   "rest_local": [
    0.9986171722412109,
    0.052540123462677,
    0.0018189692636951804,
    0.0,
    7.463920337613672e-05,
    -0.03601672127842903,
    0.9993512034416199,
    0.0,
    0.05257154256105423,
    -0.9979691505432129,
    -0.03597075119614601,
    0.0,
    -0.07347041368484497,
    2.9958298206329346,
    -0.2644774615764618,
    1.0
   ],
   "rest_world": [
    0.9986171722412109,
    0.052540123462677,
    0.0018189692636951804,
    0.0,
    7.463920337613672e-05,
    -0.03601672127842903,
    0.9993512034416199,
    0.0,
    0.05257154256105423,
    -0.9979691505432129,
    -0.03597075119614601,
    0.0,
    -0.07347041368484497,
    2.9958298206329346,
    -0.2644774615764618,
    1.0
   ],
   "constraints": [],
   "collider": {
    "shape": "convex_hull",
    "params": [
     0.0,
     0.0,
     0.0,
     0.0,
     0.0,
     0.0
    ],
    "ccd": false,
    "kinematic": false,
    "mass": 4.0,
    "hull_offset": 0,
    "hull_count": 26,
    "collision_group": 0
   },
   "joint_desc": {
    "type": 0,
    "axis": [
     0.0,
     1.0,
     0.0
    ],
    "rest_length": 0.0,
    "limit_min": [
     0.0,
     0.0,
     0.0
    ],
    "limit_max": [
     0.0,
     0.0,
     0.0
    ],
    "limit_axes": 0
   }
  },
  {
   "name": "Ribcage",
   "parent": 0,
   "rest_local": [
    0.9977123141288757,
    0.00467664422467351,
    0.06744131445884705,
    0.0,
    0.01604430004954338,
    0.952721357345581,
    -0.3034213185310364,
    0.0,
    -0.06567178666591644,
    0.3038092255592346,
    0.9504668116569519,
    0.0,
    -2.9744114726781845e-08,
    9.655195754021406e-09,
    -1.083818793296814,
    1.0
   ],
   "rest_world": [
    0.9998785257339478,
    -0.015052860602736473,
    0.0040625035762786865,
    0.0,
    0.00014189833018463105,
    0.26933419704437256,
    0.9630467295646667,
    0.0,
    -0.015590790659189224,
    -0.9629291892051697,
    0.26930364966392517,
    0.0,
    -0.13044846057891846,
    4.077447891235352,
    -0.22549167275428772,
    1.0
   ],
   "constraints": [],
   "collider": {
    "shape": "convex_hull",
    "params": [
     0.0,
     0.0,
     0.0,
     0.0,
     0.0,
     0.0
    ],
    "ccd": false,
    "kinematic": false,
    "mass": 3.0,
    "hull_offset": 26,
    "hull_count": 25,
    "collision_group": 0
   },
   "joint_desc": {
    "type": 1,
    "axis": [
     0.0,
     1.0,
     0.0
    ],
    "rest_length": 0.0,
    "limit_min": [
     -0.3490658402442932,
     -0.3490658402442932,
     -1.1344640254974365
    ],
    "limit_max": [
     1.6580628156661987,
     0.3490658402442932,
     1.1344640254974365
    ],
    "limit_axes": 7
   }
  },
  {
   "name": "Neck",
   "parent": 1,
   "rest_local": [
    0.9550207257270813,
    0.11370788514614105,
    0.2738723158836365,
    0.0,
    -0.2852620482444763,
    0.6045492887496948,
    0.7437375783920288,
    0.0,
    -0.0810004472732544,
    -0.7884103655815125,
    0.6097935438156128,
    0.0,
    3.958120942115784e-09,
    -3.0126102501526475e-08,
    -0.8224259614944458,
    1.0
   ],
   "rest_world": [
    0.9506509304046631,
    -0.24747003614902496,
    0.1871405988931656,
    0.0,
    -0.29673707485198975,
    -0.5490468740463257,
    0.7813416123390198,
    0.0,
    -0.09060963988304138,
    -0.7983145713806152,
    -0.5953854322433472,
    0.0,
    -0.11762619018554688,
    4.869385719299316,
    -0.44697391986846924,
    1.0
   ],
   "constraints": [],
   "collider": {
    "shape": "none",
    "params": [
     0.0,
     0.0,
     0.0,
     0.0,
     0.0,
     0.0
    ],
    "ccd": false,
    "kinematic": false,
    "mass": 0.0,
    "hull_offset": 0,
    "hull_count": 0,
    "collision_group": 0
   },
   "joint_desc": {
    "type": 1,
    "axis": [
     0.0,
     1.0,
     0.0
    ],
    "rest_length": 0.0,
    "limit_min": [
     0.0,
     0.0,
     -0.0
    ],
    "limit_max": [
     0.0,
     0.0,
     -0.0
    ],
    "limit_axes": 0
   }
  },
  {
   "name": "Head",
   "parent": 2,
   "rest_local": [
    0.9506508111953735,
    -0.29673710465431213,
    -0.09060957282781601,
    0.0,
    0.18714061379432678,
    0.7813416123390198,
    -0.5953853130340576,
    0.0,
    0.247469961643219,
    0.5490468144416809,
    0.7983145713806152,
    0.0,
    -1.4901161193847656e-08,
    -2.4586915969848633e-07,
    -0.3291991353034973,
    1.0
   ],
   "rest_world": [
    1.0000001192092896,
    -5.960464477539063e-08,
    -5.960464477539063e-08,
    0.0,
    4.470348358154297e-08,
    -8.940696716308594e-08,
    1.0000001192092896,
    0.0,
    1.4901161193847656e-08,
    -1.0,
    -5.960464477539063e-08,
    0.0,
    -0.0877976268529892,
    5.132189750671387,
    -0.2509738802909851,
    1.0
   ],
   "constraints": [],
   "collider": {
    "shape": "convex_hull",
    "params": [
     0.0,
     0.0,
     0.0,
     0.0,
     0.0,
     0.0
    ],
    "ccd": false,
    "kinematic": false,
    "mass": 2.0,
    "hull_offset": 51,
    "hull_count": 26,
    "collision_group": 5
   },
   "joint_desc": {
    "type": 1,
    "axis": [
     0.0,
     1.0,
     0.0
    ],
    "rest_length": 0.0,
    "limit_min": [
     0.0,
     0.0,
     -0.0
    ],
    "limit_max": [
     0.0,
     0.0,
     -0.0
    ],
    "limit_axes": 0
   }
  },
  {
   "name": "Clav.R",
   "parent": 1,
   "rest_local": [
    -0.29208502173423767,
    0.25213950872421265,
    -0.9225570559501648,
    0.0,
    -0.0643758550286293,
    0.9572511911392212,
    0.2820032835006714,
    0.0,
    0.9542230367660522,
    0.14175951480865479,
    -0.2633674442768097,
    0.0,
    -0.37914466857910156,
    0.007836547680199146,
    -0.7655050754547119,
    1.0
   ],
   "rest_world": [
    -0.27763035893440247,
    0.9606636762619019,
    -0.00681246817111969,
    0.0,
    -0.06862885504961014,
    -0.012759655714035034,
    0.9975606203079224,
    0.0,
    0.9582332968711853,
    0.27742111682891846,
    0.06947174668312073,
    0.0,
    -0.4976111054420471,
    4.82239294052124,
    -0.4256383180618286,
    1.0
   ],
   "constraints": [],
   "collider": {
    "shape": "none",
    "params": [
     0.0,
     0.0,
     0.0,
     0.0,
     0.0,
     0.0
    ],
    "ccd": false,
    "kinematic": false,
    "mass": 0.0,
    "hull_offset": 0,
    "hull_count": 0,
    "collision_group": 0
   },
   "joint_desc": {
    "type": 1,
    "axis": [
     0.0,
     1.0,
     0.0
    ],
    "rest_length": 0.0,
    "limit_min": [
     0.0,
     0.0,
     -0.0
    ],
    "limit_max": [
     0.0,
     0.0,
     -0.0
    ],
    "limit_axes": 0
   }
  },
  {
   "name": "UArm.R",
   "parent": 4,
   "rest_local": [
    -0.08256616443395615,
    -0.9912259578704834,
    -0.10321715474128723,
    0.0,
    0.8484501838684082,
    -0.12424711138010025,
    0.5144850611686707,
    0.0,
    -0.5227954387664795,
    -0.045095592737197876,
    0.8512645959854126,
    0.0,
    3.2852403819561005e-07,
    7.450580596923828e-09,
    -0.28557005524635315,
    1.0
   ],
   "rest_world": [
    -0.007956542074680328,
    -0.09530523419380188,
    -0.9954161643981934,
    0.0,
    0.2659681439399719,
    0.9593896865844727,
    -0.09398189187049866,
    0.0,
    0.9639487862586975,
    -0.2654964029788971,
    0.01771477237343788,
    0.0,
    -0.7712538242340088,
    4.743169784545898,
    -0.44547736644744873,
    1.0
   ],
   "constraints": [],
   "collider": {
    "shape": "convex_hull",
    "params": [
     0.0,
     0.0,
     0.0,
     0.0,
     0.0,
     0.0
    ],
    "ccd": false,
    "kinematic": false,
    "mass": 2.0,
    "hull_offset": 77,
    "hull_count": 26,
    "collision_group": 4
   },
   "joint_desc": {
    "type": 1,
    "axis": [
     0.0,
     1.0,
     0.0
    ],
    "rest_length": 0.0,
    "limit_min": [
     -2.7925267219543457,
     -1.0471975803375244,
     -3.3161256313323975
    ],
    "limit_max": [
     1.3089969158172607,
     2.7925267219543457,
     2.7925267219543457
    ],
    "limit_axes": 7
   }
  },
  {
   "name": "FArm.R",
   "parent": 5,
   "rest_local": [
    -0.05454177409410477,
    0.9921542406082153,
    0.11249443143606186,
    0.0,
    -0.9850541949272156,
    -0.0718984454870224,
    0.15652118623256683,
    0.0,
    0.16338132321834564,
    -0.10227616131305695,
    0.9812471866607666,
    0.0,
    -5.052424967288971e-08,
    -2.2351741790771484e-08,
    -0.4951935410499573,
    1.0
   ],
   "rest_world": [
    0.3727542757987976,
    0.927193820476532,
    -0.036959968507289886,
    0.0,
    0.13959334790706635,
    -0.016653623431921005,
    0.9900687336921692,
    0.0,
    0.9173699021339417,
    -0.3742114305496216,
    -0.13563773036003113,
    0.0,
    -1.2485949993133545,
    4.8746418952941895,
    -0.45424962043762207,
    1.0
   ],
   "constraints": [],
   "collider": {
    "shape": "convex_hull",
    "params": [
     0.0,
     0.0,
     0.0,
     0.0,
     0.0,
     0.0
    ],
    "ccd": false,
    "kinematic": false,
    "mass": 1.0,
    "hull_offset": 103,
    "hull_count": 25,
    "collision_group": 4
   },
   "joint_desc": {
    "type": 2,
    "axis": [
     0,
     0,
     -1
    ],
    "rest_length": 0.0,
    "limit_min": [
     0.0,
     0.0,
     0.0
    ],
    "limit_max": [
     0.0,
     0.0,
     0.0
    ],
    "limit_axes": 0
   }
  },
  {
   "name": "Hand.R",
   "parent": 6,
   "rest_local": [
    0.884029746055603,
    0.010331522673368454,
    -0.46731647849082947,
    0.0,
    0.039680298417806625,
    0.9944881200790405,
    0.09705018252134323,
    0.0,
    0.46574342250823975,
    -0.10433846712112427,
    0.8787471055984497,
    0.0,
    1.993030309677124e-07,
    2.2351741790771484e-08,
    -0.7347171306610107,
    1.0
   ],
   "rest_world": [
    -0.09773401916027069,
    0.9943699836730957,
    0.04094095528125763,
    0.0,
    0.24264582991600037,
    -0.01608777791261673,
    0.9699813723564148,
    0.0,
    0.9651790261268616,
    0.10473483055830002,
    -0.23970738053321838,
    0.0,
    -1.9226024150848389,
    5.149581432342529,
    -0.35459423065185547,
    1.0
   ],
   "constraints": [],
   "collider": {
    "shape": "convex_hull",
    "params": [
     0.0,
     0.0,
     0.0,
     0.0,
     0.0,
     0.0
    ],
    "ccd": true,
    "kinematic": false,
    "mass": 1.0,
    "hull_offset": 128,
    "hull_count": 26,
    "collision_group": 4
   },
   "joint_desc": {
    "type": 1,
    "axis": [
     0.0,
     1.0,
     0.0
    ],
    "rest_length": 0.0,
    "limit_min": [
     -0.1745329201221466,
     -1.5707963705062866,
     -0.0
    ],
    "limit_max": [
     0.3490658402442932,
     1.5707963705062866,
     -0.0
    ],
    "limit_axes": 1
   }
  },
  {
   "name": "Clav.L",
   "parent": 1,
   "rest_local": [
    0.005243747960776091,
    -0.27295660972595215,
    0.9620118737220764,
    0.0,
    -0.12200520932674408,
    0.9546634554862976,
    0.2715366780757904,
    0.0,
    -0.9925156831741333,
    -0.11879434436559677,
    -0.028296176344156265,
    0.0,
    0.3080938458442688,
    -0.01702929101884365,
    -0.7574003338813782,
    1.0
   ],
   "rest_world": [
    -0.009794147685170174,
    -0.9999448657035828,
    -0.003775358200073242,
    0.0,
    -0.12608839571475983,
    -0.002510547637939453,
    0.9920157194137573,
    0.0,
    -0.9919707775115967,
    0.010192036628723145,
    -0.12605686485767365,
    0.0,
    0.18941399455070496,
    4.79754638671875,
    -0.4446106553077698,
    1.0
   ],
   "constraints": [],
   "collider": {
    "shape": "none",
    "params": [
     0.0,
     0.0,
     0.0,
     0.0,
     0.0,
     0.0
    ],
    "ccd": false,
    "kinematic": false,
    "mass": 0.0,
    "hull_offset": 0,
    "hull_count": 0,
    "collision_group": 0
   },
   "joint_desc": {
    "type": 1,
    "axis": [
     0.0,
     1.0,
     0.0
    ],
    "rest_length": 0.0,
    "limit_min": [
     0.0,
     0.0,
     -0.0
    ],
    "limit_max": [
     0.0,
     0.0,
     -0.0
    ],
    "limit_axes": 0
   }
  },
  {
   "name": "UArm.L",
   "parent": 8,
   "rest_local": [
    0.8955111503601074,
    -0.0866563469171524,
    -0.43652111291885376,
    0.0,
    -0.15624882280826569,
    0.8572001457214355,
    -0.4907078146934509,
    0.0,
    0.41670897603034973,
    0.5076402425765991,
    0.7540921568870544,
    0.0,
    5.855690687894821e-08,
    2.421438694000244e-08,
    -0.29975366592407227,
    1.0
   ],
   "rest_world": [
    0.43517181277275085,
    -0.8996932506561279,
    -0.034318845719099045,
    0.0,
    0.3802151679992676,
    0.1490868628025055,
    0.912803053855896,
    0.0,
    -0.81612628698349,
    -0.4102747142314911,
    0.40695539116859436,
    0.0,
    0.4867608845233917,
    4.794491291046143,
    -0.40682464838027954,
    1.0
   ],
   "constraints": [],
   "collider": {
    "shape": "convex_hull",
    "params": [
     0.0,
     0.0,
     0.0,
     0.0,
     0.0,
     0.0
    ],
    "ccd": false,
    "kinematic": false,
    "mass": 2.0,
    "hull_offset": 154,
    "hull_count": 26,
    "collision_group": 4
   },
   "joint_desc": {
    "type": 1,
    "axis": [
     0.0,
     1.0,
     0.0
    ],
    "rest_length": 0.0,
    "limit_min": [
     -2.7925267219543457,
     -1.0471975803375244,
     -3.3161256313323975
    ],
    "limit_max": [
     1.3089969158172607,
     2.7925267219543457,
     2.7925267219543457
    ],
    "limit_axes": 7
   }
  },
  {
   "name": "FArm.L",
   "parent": 9,
   "rest_local": [
    0.9783065319061279,
    -0.05215456336736679,
    0.2004900425672531,
    0.0,
    -0.018953287973999977,
    0.9411981105804443,
    0.3373228907585144,
    0.0,
    -0.20629379153251648,
    -0.3338051736354828,
    0.9197918772697449,
    0.0,
    -5.830079317092896e-07,
    2.9802322387695312e-08,
    -0.5665555000305176,
    1.0
   ],
   "rest_world": [
    0.24227626621723175,
    -0.9702073335647583,
    0.00040933117270469666,
    0.0,
    0.07431179285049438,
    0.018977373838424683,
    0.9970543384552002,
    0.0,
    -0.967357337474823,
    -0.24153217673301697,
    0.07669565081596375,
    0.0,
    0.9491416215896606,
    5.026934623718262,
    -0.6373873949050903,
    1.0
   ],
   "constraints": [],
   "collider": {
    "shape": "convex_hull",
    "params": [
     0.0,
     0.0,
     0.0,
     0.0,
     0.0,
     0.0
    ],
    "ccd": false,
    "kinematic": false,
    "mass": 1.0,
    "hull_offset": 180,
    "hull_count": 25,
    "collision_group": 4
   },
   "joint_desc": {
    "type": 2,
    "axis": [
     0,
     0,
     -1
    ],
    "rest_length": 0.0,
    "limit_min": [
     0.0,
     0.0,
     0.0
    ],
    "limit_max": [
     0.0,
     0.0,
     0.0
    ],
    "limit_axes": 0
   }
  },
  {
   "name": "Hand.L",
   "parent": 10,
   "rest_local": [
    0.9616587162017822,
    -0.02288847789168358,
    0.2732919156551361,
    0.0,
    -0.009426996111869812,
    0.9931635856628418,
    0.11635014414787292,
    0.0,
    -0.274086594581604,
    -0.11446544528007507,
    0.9548685550689697,
    0.0,
    4.3472391553223133e-07,
    -7.450580596923828e-09,
    -0.7307271361351013,
    1.0
   ],
   "rest_world": [
    -0.03308474272489548,
    -0.9994515180587769,
    -0.0014671161770820618,
    0.0,
    -0.0410323366522789,
    -0.00010852701961994171,
    0.999157726764679,
    0.0,
    -0.9986100196838379,
    0.03311707824468613,
    -0.041006192564964294,
    0.0,
    1.6560158729553223,
    5.203428745269775,
    -0.69343101978302,
    1.0
   ],
   "constraints": [],
   "collider": {
    "shape": "convex_hull",
    "params": [
     0.0,
     0.0,
     0.0,
     0.0,
     0.0,
     0.0
    ],
    "ccd": true,
    "kinematic": false,
    "mass": 1.0,
    "hull_offset": 205,
    "hull_count": 25,
    "collision_group": 4
   },
   "joint_desc": {
    "type": 1,
    "axis": [
     0.0,
     1.0,
     0.0
    ],
    "rest_length": 0.0,
    "limit_min": [
     -0.1745329201221466,
     -1.5707963705062866,
     -0.0
    ],
    "limit_max": [
     0.3490658402442932,
     1.5707963705062866,
     -0.0
    ],
    "limit_axes": 7
   }
  },
  {
   "name": "Pelvis.R",
   "parent": 0,
   "rest_local": [
    -0.0018188122194260359,
    -0.9993510246276855,
    0.03597050532698631,
    0.0,
    0.2604309022426605,
    -0.03520267829298973,
    -0.9648504853248596,
    0.0,
    0.9654906392097473,
    0.007612887304276228,
    0.26032590866088867,
    0.0,
    -0.07371290773153305,
    0.08574603497982025,
    -0.005895428359508514,
    1.0
   ],
   "rest_world": [
    1.3680983101949096e-07,
    3.3527612686157227e-07,
    -0.9999998807907104,
    0.0,
    0.20934447646141052,
    0.9778420329093933,
    2.7567148208618164e-07,
    0.0,
    0.977841854095459,
    -0.20934441685676575,
    2.7474015951156616e-08,
    0.0,
    -0.147384911775589,
    2.9947524070739746,
    -0.17870907485485077,
    1.0
   ],
   "constraints": [],
   "collider": {
    "shape": "convex_hull",
    "params": [
     0.0,
     0.0,
     0.0,
     0.0,
     0.0,
     0.0
    ],
    "ccd": false,
    "kinematic": false,
    "mass": 2.0,
    "hull_offset": 230,
    "hull_count": 23,
    "collision_group": 0
   },
   "joint_desc": {
    "type": 1,
    "axis": [
     0.0,
     1.0,
     0.0
    ],
    "rest_length": 0.0,
    "limit_min": [
     0.0,
     0.0,
     -0.0
    ],
    "limit_max": [
     0.0,
     0.0,
     -0.0
    ],
    "limit_axes": 0
   }
  },
  {
   "name": "Thigh.R",
   "parent": 12,
   "rest_local": [
    0.9987990856170654,
    0.04812955856323242,
    0.009160645306110382,
    0.0,
    -0.005089153070002794,
    0.28788435459136963,
    -0.9576517343521118,
    0.0,
    -0.04872855916619301,
    0.9564551115036011,
    0.28778356313705444,
    0.0,
    7.884263908408684e-09,
    -1.0096045599539138e-07,
    -0.35458528995513916,
    1.0
   ],
   "rest_world": [
    0.019033456221222878,
    0.045145709067583084,
    -0.9987989664077759,
    0.0,
    -0.876164972782135,
    0.4819844365119934,
    0.00508920568972826,
    0.0,
    0.4816353917121887,
    0.8750160932540894,
    0.0487288236618042,
    0.0,
    -0.49411317706108093,
    3.0689828395843506,
    -0.17870908975601196,
    1.0
   ],
   "constraints": [],
   "collider": {
    "shape": "convex_hull",
    "params": [
     0.0,
     0.0,
     0.0,
     0.0,
     0.0,
     0.0
    ],
    "ccd": false,
    "kinematic": false,
    "mass": 2.0,
    "hull_offset": 253,
    "hull_count": 25,
    "collision_group": 2
   },
   "joint_desc": {
    "type": 1,
    "axis": [
     0.0,
     1.0,
     0.0
    ],
    "rest_length": 0.0,
    "limit_min": [
     -1.2217304706573486,
     0.0,
     -0.0
    ],
    "limit_max": [
     1.2217304706573486,
     2.268928050994873,
     -0.0
    ],
    "limit_axes": 7
   }
  },
  {
   "name": "Calf.R",
   "parent": 13,
   "rest_local": [
    0.9983542561531067,
    0.0036521279253065586,
    0.057230155915021896,
    0.0,
    -0.004871058277785778,
    0.9997639060020447,
    0.02117372304201126,
    0.0,
    -0.0571393147110939,
    -0.02141759544610977,
    0.9981364607810974,
    0.0,
    -1.6763806343078613e-08,
    -7.019843906164169e-08,
    -1.0790692567825317,
    1.0
   ],
   "rest_world": [
    0.04336633160710335,
    0.09690897911787033,
    -0.9943478107452393,
    0.0,
    -0.8658528327941895,
    0.5001780986785889,
    0.010984983295202255,
    0.0,
    0.49841564893722534,
    0.8604828715324402,
    0.10559970140457153,
    0.0,
    -1.0138310194015503,
    2.1247799396514893,
    -0.23129086196422577,
    1.0
   ],
   "constraints": [],
   "collider": {
    "shape": "convex_hull",
    "params": [
     0.0,
     0.0,
     0.0,
     0.0,
     0.0,
     0.0
    ],
    "ccd": false,
    "kinematic": false,
    "mass": 3.0,
    "hull_offset": 278,
    "hull_count": 25,
    "collision_group": 2
   },
   "joint_desc": {
    "type": 2,
    "axis": [
     0,
     0,
     -1
    ],
    "rest_length": 0.0,
    "limit_min": [
     0.0,
     0.0,
     0.0
    ],
    "limit_max": [
     0.0,
     0.0,
     0.0
    ],
    "limit_axes": 0
   }
  },
  {
   "name": "Foot.R",
   "parent": 14,
   "rest_local": [
    0.004054862540215254,
    -0.33700495958328247,
    -0.9414941072463989,
    0.0,
    -0.2694407105445862,
    0.9063135385513306,
    -0.3255726993083954,
    0.0,
    0.963008463382721,
    0.25499698519706726,
    -0.08712781965732574,
    0.0,
    2.2351741790771484e-08,
    -8.195638656616211e-08,
    -1.612017035484314,
    1.0
   ],
   "rest_world": [
    -0.17728281021118164,
    -0.9783090949058533,
    -0.107155442237854,
    0.0,
    -0.9586893320083618,
    0.1470572054386139,
    0.2434932440519333,
    0.0,
    -0.22245359420776367,
    0.1458960771560669,
    -0.9639649391174316,
    0.0,
    -1.8172855377197266,
    0.7376668453216553,
    -0.40151938796043396,
    1.0
   ],
   "constraints": [],
   "collider": {
    "shape": "convex_hull",
    "params": [
     0.0,
     0.0,
     0.0,
     0.0,
     0.0,
     0.0
    ],
    "ccd": true,
    "kinematic": false,
    "mass": 2.0,
    "hull_offset": 303,
    "hull_count": 25,
    "collision_group": 2
   },
   "joint_desc": {
    "type": 1,
    "axis": [
     0.0,
     1.0,
     0.0
    ],
    "rest_length": 0.0,
    "limit_min": [
     -0.3490658402442932,
     -1.5707963705062866,
     -0.5235987901687622
    ],
    "limit_max": [
     1.5707963705062866,
     0.1745329201221466,
     0.5235987901687622
    ],
    "limit_axes": 7
   }
  },
  {
   "name": "Pelvis.L",
   "parent": 0,
   "rest_local": [
    -0.006118583492934704,
    0.999355137348175,
    -0.035375189036130905,
    0.0,
    -0.1074146255850792,
    -0.035827990621328354,
    -0.9935683012008667,
    0.0,
    -0.9941952228546143,
    -0.0022795877885073423,
    0.10756456851959229,
    0.0,
    -0.003907610662281513,
    0.0857512503862381,
    -0.002220574300736189,
    1.0
   ],
   "rest_world": [
    -0.00789525918662548,
    -0.0010116249322891235,
    0.9999681711196899,
    0.0,
    -0.15950217843055725,
    0.9871973991394043,
    -0.0002607293426990509,
    0.0,
    -0.9871657490730286,
    -0.1594991534948349,
    -0.007955697365105152,
    0.0,
    -0.07748294621706009,
    2.9947524070739746,
    -0.17870907485485077,
    1.0
   ],
   "constraints": [],
   "collider": {
    "shape": "convex_hull",
    "params": [
     0.0,
     0.0,
     0.0,
     0.0,
     0.0,
     0.0
    ],
    "ccd": false,
    "kinematic": false,
    "mass": 2.0,
    "hull_offset": 328,
    "hull_count": 24,
    "collision_group": 0
   },
   "joint_desc": {
    "type": 1,
    "axis": [
     0.0,
     1.0,
     0.0
    ],
    "rest_length": 0.0,
    "limit_min": [
     0.0,
     0.0,
     -0.0
    ],
    "limit_max": [
     0.0,
     0.0,
     -0.0
    ],
    "limit_axes": 0
   }
  },
  {
   "name": "Thigh.L",
   "parent": 16,
   "rest_local": [
    0.9573307037353516,
    -0.27642419934272766,
    -0.08430749177932739,
    0.0,
    -0.007589463610202074,
    0.2675784230232239,
    -0.963506281375885,
    0.0,
    0.28889527916908264,
    0.9230338335037231,
    0.25406306982040405,
    0.0,
    1.862645149230957e-09,
    2.0761945052072406e-08,
    -0.5067740678787231,
    1.0
   ],
   "rest_world": [
    0.11975734680891037,
    -0.2604067325592041,
    0.9580430388450623,
    0.0,
    0.9085209369659424,
    0.41783884167671204,
    6.377056706696749e-06,
    0.0,
    -0.40030914545059204,
    0.8704015016555786,
    0.28662416338920593,
    0.0,
    0.422787070274353,
    3.075582504272461,
    -0.17467732727527618,
    1.0
   ],
   "constraints": [],
   "collider": {
    "shape": "convex_hull",
    "params": [
     0.0,
     0.0,
     0.0,
     0.0,
     0.0,
     0.0
    ],
    "ccd": false,
    "kinematic": false,
    "mass": 2.0,
    "hull_offset": 352,
    "hull_count": 26,
    "collision_group": 1
   },
   "joint_desc": {
    "type": 1,
    "axis": [
     0.0,
     1.0,
     0.0
    ],
    "rest_length": 0.0,
    "limit_min": [
     -1.2217304706573486,
     0.0,
     -0.0
    ],
    "limit_max": [
     1.2217304706573486,
     2.268928050994873,
     -0.0
    ],
    "limit_axes": 0
   }
  },
  {
   "name": "Calf.L",
   "parent": 17,
   "rest_local": [
    0.9956765174865723,
    0.014030072838068008,
    0.09182311594486237,
    0.0,
    -0.01692490465939045,
    0.9993816018104553,
    0.030823620036244392,
    0.0,
    -0.09133390337228775,
    -0.03224440664052963,
    0.9952981472015381,
    0.0,
    1.4901161193847656e-08,
    9.007817425299436e-08,
    -1.111656904220581,
    1.0
   ],
   "rest_world": [
    0.09522856771945953,
    -0.1734955757856369,
    0.9802197217941284,
    0.0,
    0.8935931921005249,
    0.44881671667099,
    -0.007373620755970478,
    0.0,
    -0.43865957856178284,
    0.8766199350357056,
    0.1977744698524475,
    0.0,
    0.8677934408187866,
    2.107994794845581,
    -0.4933050274848938,
    1.0
   ],
   "constraints": [],
   "collider": {
    "shape": "convex_hull",
    "params": [
     0.0,
     0.0,
     0.0,
     0.0,
     0.0,
     0.0
    ],
    "ccd": false,
    "kinematic": false,
    "mass": 3.0,
    "hull_offset": 378,
    "hull_count": 25,
    "collision_group": 1
   },
   "joint_desc": {
    "type": 2,
    "axis": [
     0,
     0,
     -1
    ],
    "rest_length": 0.0,
    "limit_min": [
     0.0,
     0.0,
     0.0
    ],
    "limit_max": [
     0.0,
     0.0,
     0.0
    ],
    "limit_axes": 0
   }
  },
  {
   "name": "Foot.L",
   "parent": 18,
   "rest_local": [
    0.048534948378801346,
    0.24784709513187408,
    0.9675827622413635,
    0.0,
    -0.15819130837917328,
    0.9584050178527832,
    -0.2375611662864685,
    0.0,
    -0.9862148761749268,
    -0.14153313636779785,
    0.0857234001159668,
    0.0,
    -5.960464477539063e-08,
    1.0244548320770264e-07,
    -1.5233125686645508,
    1.0
   ],
   "rest_world": [
    -0.19834303855895996,
    0.9510196447372437,
    0.23711055517196655,
    0.0,
    0.9455683827400208,
    0.24934282898902893,
    -0.20911268889904022,
    0.0,
    -0.2579922676086426,
    0.1827283352613449,
    -0.9487097859382629,
    0.0,
    1.5360091924667358,
    0.7726284265518188,
    -0.794577419757843,
    1.0
   ],
   "constraints": [],
   "collider": {
    "shape": "convex_hull",
    "params": [
     0.0,
     0.0,
     0.0,
     0.0,
     0.0,
     0.0
    ],
    "ccd": true,
    "kinematic": false,
    "mass": 2.0,
    "hull_offset": 403,
    "hull_count": 25,
    "collision_group": 1
   },
   "joint_desc": {
    "type": 1,
    "axis": [
     0.0,
     1.0,
     0.0
    ],
    "rest_length": 0.0,
    "limit_min": [
     -0.3490658402442932,
     -1.5707963705062866,
     -0.5235987901687622
    ],
    "limit_max": [
     1.5707963705062866,
     0.1745329201221466,
     0.5235987901687622
    ],
    "limit_axes": 7
   }
  }
 ],
 "ibms": [
  [
   0.9986171126365662,
   7.46325749787502e-05,
   0.05257154256105423,
   0.0,
   0.05254011228680611,
   -0.03601663187146187,
   -0.9979690313339233,
   0.0,
   0.0018189667025581002,
   0.9993511438369751,
   -0.035970836877822876,
   0.0,
   -0.08355136960744858,
   0.3722110390663147,
   2.9840946197509766,
   1.0
  ],
  [
   0.9998784065246582,
   0.00014188697969075292,
   -0.01559077762067318,
   0.0,
   -0.015052871778607368,
   0.26933422684669495,
   -0.9629290103912354,
   0.0,
   0.004062494728714228,
   0.9630467891693115,
   0.2693035900592804,
   0.0,
   0.19272595643997192,
   -0.8810187578201294,
   3.9849846363067627,
   1.0
  ],
  [
   0.950650691986084,
   -0.29673707485198975,
   -0.09060964733362198,
   0.0,
   -0.247469961643219,
   -0.5490468740463257,
   -0.7983145117759705,
   0.0,
   0.1871405392885208,
   0.7813414335250854,
   -0.5953853130340576,
   0.0,
   1.4004950523376465,
   2.987855911254883,
   3.610521078109741,
   1.0
  ],
  [
   0.9999998807907104,
   5.960462701182223e-08,
   -5.960464477539063e-08,
   0.0,
   1.4901161193847656e-08,
   -5.960463766996327e-08,
   -1.0,
   0.0,
   -4.470347292340193e-08,
   0.9999998807907104,
   -8.940696005765858e-08,
   0.0,
   0.08779752254486084,
   0.2509741485118866,
   5.1321892738342285,
   1.0
  ],
  [
   -0.27763089537620544,
   -0.06862892210483551,
   0.9582335948944092,
   0.0,
   0.9606637954711914,
   -0.01275953371077776,
   0.27742069959640503,
   0.0,
   -0.006812368985265493,
   0.9975606799125671,
   0.06947173178195953,
   0.0,
   -4.773749828338623,
   0.4519810378551483,
   -0.8314341306686401,
   1.0
  ],
  [
   -0.007956487126648426,
   0.26596781611442566,
   0.9639492630958557,
   0.0,
   -0.09530533105134964,
   0.9593895077705383,
   -0.2654968500137329,
   0.0,
   -0.9954164028167725,
   -0.09398182481527328,
   0.017714736983180046,
   0.0,
   0.0024773820769041777,
   -4.387285232543945,
   2.0106377601623535,
   1.0
  ],
  [
   0.3727540373802185,
   0.13959334790706635,
   0.9173704385757446,
   0.0,
   0.9271937608718872,
   -0.01665358431637287,
   -0.374211847782135,
   0.0,
   -0.03695990890264511,
   0.9900689125061035,
   -0.13563783466815948,
   0.0,
   -4.071107387542725,
   0.705214262008667,
   2.907959461212158,
   1.0
  ],
  [
   -0.09773451834917068,
   0.24264588952064514,
   0.965179443359375,
   0.0,
   0.99437016248703,
   -0.016087790951132774,
   0.1047343835234642,
   0.0,
   0.04094107449054718,
   0.9699816703796387,
   -0.23970752954483032,
   0.0,
   -5.2939772605896,
   0.8933069109916687,
   1.2313193082809448,
   1.0
  ],
  [
   -0.009794188663363457,
   -0.12608839571475983,
   -0.9919704794883728,
   0.0,
   -0.9999449253082275,
   -0.0025104256346821785,
   0.01019197702407837,
   0.0,
   -0.00377548742108047,
   0.9920158982276917,
   -0.12605684995651245,
   0.0,
   4.797458648681641,
   0.47698765993118286,
   0.08295039087533951,
   1.0
  ],
  [
   0.4351716637611389,
   0.3802151381969452,
   -0.8161261677742004,
   0.0,
   -0.8996930718421936,
   0.14908699691295624,
   -0.4102746546268463,
   0.0,
   -0.034318957477808,
   0.9128031730651855,
   0.406955361366272,
   0.0,
   4.0877838134765625,
   -0.528519332408905,
   2.5298759937286377,
   1.0
  ],
  [
   0.2422761619091034,
   0.07431180775165558,
   -0.9673570394515991,
   0.0,
   -0.9702070951461792,
   0.01897750422358513,
   -0.24153216183185577,
   0.0,
   0.00040921190520748496,
   0.9970545768737793,
   0.07669560611248016,
   0.0,
   4.64747428894043,
   0.46957892179489136,
   2.1812100410461426,
   1.0
  ],
  [
   -0.03308472782373428,
   -0.04103228449821472,
   -0.9986097812652588,
   0.0,
   -0.9994513988494873,
   -0.00010839755123015493,
   0.03311707451939583,
   0.0,
   -0.0014672470279037952,
   0.9991578459739685,
   -0.041006237268447876,
   0.0,
   5.254345417022705,
   0.7613611817359924,
   1.4529563188552856,
   1.0
  ],
  [
   8.457554656615685e-08,
   0.20934443175792694,
   0.9778420925140381,
   0.0,
   2.638116427533532e-07,
   0.9778419137001038,
   -0.20934449136257172,
   0.0,
   -1.0000001192092896,
   3.564874759831582e-07,
   6.359020687796146e-08,
   0.0,
   -0.17870986461639404,
   -2.897540330886841,
   0.7710540294647217,
   1.0
  ],
  [
   0.019033396616578102,
   -0.8761650323867798,
   0.48163530230522156,
   0.0,
   0.04514562711119652,
   0.481984406709671,
   0.8750157952308655,
   0.0,
   -0.998799204826355,
   0.005089189857244492,
   0.04872891679406166,
   0.0,
   -0.30764102935791016,
   -1.9112170934677124,
   -2.438717842102051,
   1.0
  ],
  [
   0.04336627200245857,
   -0.865852952003479,
   0.49841558933258057,
   0.0,
   0.09690890461206436,
   0.5001780390739441,
   0.8604826331138611,
   0.0,
   -0.9943482279777527,
   0.010984965600073338,
   0.10559982061386108,
   0.0,
   -0.39192765951156616,
   -1.938056230545044,
   -1.2986027002334595,
   1.0
  ],
  [
   -0.17728272080421448,
   -0.9586893320083618,
   -0.22245369851589203,
   0.0,
   -0.978308916091919,
   0.14705730974674225,
   0.14589595794677734,
   0.0,
   -0.10715562850236893,
   0.24349325895309448,
   -0.9639652371406555,
   0.0,
   0.35646769404411316,
   -1.7529242038726807,
   -0.8989351987838745,
   1.0
  ],
  [
   -0.007895435206592083,
   -0.15950220823287964,
   -0.9871662855148315,
   0.0,
   -0.0010115685872733593,
   0.9871976971626282,
   -0.15949924290180206,
   0.0,
   0.9999684691429138,
   -0.0002606457856018096,
   -0.007955540902912617,
   0.0,
   0.1811210662126541,
   -2.968817949295044,
   0.3997504711151123,
   1.0
  ],
  [
   0.11975722014904022,
   0.9085213541984558,
   -0.4003094434738159,
   0.0,
   -0.2604067325592041,
   0.4178389608860016,
   0.8704017996788025,
   0.0,
   0.9580431580543518,
   6.221237981662853e-06,
   0.28662437200546265,
   0.0,
   0.917618989944458,
   -1.66920804977417,
   -2.4576802253723145,
   1.0
  ],
  [
   0.0952283963561058,
   0.8935936093330383,
   -0.4386599063873291,
   0.0,
   -0.17349550127983093,
   0.44881677627563477,
   0.8766202926635742,
   0.0,
   0.980219841003418,
   -0.007373768836259842,
   0.197774738073349,
   0.0,
   0.7666363716125488,
   -1.7251955270767212,
   -1.3696813583374023,
   1.0
  ],
  [
   -0.19834324717521667,
   0.9455687999725342,
   -0.2579921782016754,
   0.0,
   0.951019823551178,
   0.24934276938438416,
   0.18272826075553894,
   0.0,
   0.23711074888706207,
   -0.20911289751529694,
   -0.9487098455429077,
   0.0,
   -0.24172502756118774,
   -1.8112080097198486,
   -0.49872612953186035,
   1.0
  ]
 ],
 "hull_vertices": [
  -0.11729902029037476,
  -0.5301992297172546,
  -0.8359500765800476,
  -0.4120270311832428,
  -0.3160652220249176,
  -0.8558791875839233,
  -0.5533645153045654,
  -0.5634188055992126,
  -0.14096589386463165,
  -0.6279881596565247,
  -0.380220502614975,
  0.21562865376472473,
  -0.7582281827926636,
  -0.16009120643138885,
  0.18395474553108215,
  -0.44937512278556824,
  -0.18388108909130096,
  -0.8831309676170349,
  -0.34034666419029236,
  0.0904785767197609,
  -0.9130811095237732,
  -0.32517680525779724,
  0.09791981428861618,
  -0.9153865575790405,
  -0.07992681860923767,
  0.14486026763916016,
  -0.8839221000671387,
  -0.8230761885643005,
  -0.11552618443965912,
  0.051669999957084656,
  -0.7674582600593567,
  0.026324564591050148,
  0.07449856400489807,
  -0.701475977897644,
  0.04998893290758133,
  0.15018704533576965,
  -0.5883274078369141,
  0.031802866607904434,
  0.21976010501384735,
  -0.19340433180332184,
  0.22889073193073273,
  -0.36853790283203125,
  0.43184471130371094,
  -0.38797619938850403,
  -0.8055297136306763,
  0.23122017085552216,
  -0.7184274196624756,
  -0.08394655585289001,
  0.5071768164634705,
  -0.600406289100647,
  -0.1499568521976471,
  0.45991072058677673,
  -0.48983874917030334,
  0.2875419557094574,
  0.5963988900184631,
  -0.4371018707752228,
  0.25087130069732666,
  0.49292945861816406,
  -0.08691791445016861,
  -0.8244690895080566,
  0.4467645585536957,
  0.012032582424581051,
  -0.8683579564094543,
  0.7687891125679016,
  -0.22584858536720276,
  0.15389734506607056,
  0.733723521232605,
  -0.21931926906108856,
  0.21914449334144592,
  0.4847114384174347,
  -0.17142966389656067,
  0.3301800489425659,
  0.6357877850532532,
  0.03358029946684837,
  -0.08410005271434784,
  0.6502102017402649,
  -0.046648960560560226,
  0.21919193863868713,
  -0.5156119465827942,
  -0.3876233994960785,
  -0.6073682904243469,
  -0.7731956839561462,
  -0.007404627278447151,
  -0.8984353542327881,
  -0.7922713756561279,
  -0.00556244608014822,
  -0.8062201738357544,
  -0.7694216370582581,
  0.015896741300821304,
  -0.8876581788063049,
  -0.7125037908554077,
  -0.12682144343852997,
  -0.8832679390907288,
  -0.4094662368297577,
  -0.3455250561237335,
  0.13648594915866852,
  -0.763513445854187,
  0.04029793664813042,
  -0.8087708353996277,
  -0.47679340839385986,
  0.0939999669790268,
  -0.9177341461181641,
  -0.4254159927368164,
  -0.13385020196437836,
  0.16528131067752838,
  -0.33926495909690857,
  0.01875809021294117,
  0.22063207626342773,
  -0.0655851736664772,
  0.07607614994049072,
  0.23925401270389557,
  -0.2570062279701233,
  0.35097160935401917,
  -0.2531411051750183,
  0.1606953889131546,
  -0.43083256483078003,
  -1.007350206375122,
  0.12963470816612244,
  -0.608951985836029,
  -0.24217171967029572,
  0.1512083262205124,
  -0.22400136291980743,
  -1.1149479150772095,
  0.09272373467683792,
  -0.599270224571228,
  0.0773935616016388,
  0.7837968468666077,
  -0.18251614272594452,
  -0.9510422945022583,
  0.795212984085083,
  -0.13939262926578522,
  -0.9598706960678101,
  0.8226062059402466,
  -0.1459684520959854,
  -0.8487046360969543,
  0.7885470390319824,
  -0.10276363044977188,
  -0.9431192874908447,
  0.7515699863433838,
  -0.2538451850414276,
  -0.7906656265258789,
  0.45772016048431396,
  -0.4247538447380066,
  0.09974535554647446,
  0.7917225360870361,
  -0.0791262835264206,
  -0.819730281829834,
  0.5088862180709839,
  -0.15359218418598175,
  0.18772515654563904,
  0.44410502910614014,
  -0.032310906797647476,
  0.1839873045682907,
  0.012522726319730282,
  0.05003407970070839,
  -0.22518488764762878,
  0.18315863609313965,
  -0.04080694541335106,
  -0.4176616370677948,
  0.23403137922286987,
  -0.23837009072303772,
  -0.4745888411998749,
  0.05116327479481697,
  -0.041329361498355865,
  0.01906302385032177,
  0.12423616647720337,
  -0.15143030881881714,
  -0.019717182964086533,
  0.15779541432857513,
  -0.07937801629304886,
  -0.5737791061401367,
  0.16839207708835602,
  -0.2811252474784851,
  -0.6473168730735779,
  -0.013448559679090977,
  -0.2835102379322052,
  -0.7243909239768982,
  0.10538798570632935,
  -0.5379112958908081,
  -0.5948285460472107,
  -0.18478113412857056,
  -0.03171708062291145,
  -0.41554686427116394,
  -0.002428510459139943,
  -0.021485012024641037,
  0.0274067223072052,
  -0.0028730626218020916,
  -0.06404487043619156,
  0.04815724864602089,
  -0.04468025267124176,
  -0.035255804657936096,
  0.016395602375268936,
  -0.2471279352903366,
  -0.24241244792938232,
  -0.49148696660995483,
  -0.13365855813026428,
  -0.14137113094329834,
  -0.02660365030169487,
  -0.007260314654558897,
  -0.02301134541630745,
  -0.5832781195640564,
  -0.16019363701343536,
  -0.07866451144218445,
  -0.5814561247825623,
  -0.18257607519626617,
  -0.27759435772895813,
  -0.651944100856781,
  0.1558256596326828,
  -0.45411282777786255,
  -0.21414607763290405,
  -0.02475336566567421,
  -0.5329629182815552,
  -0.224482461810112,
  0.10357186943292618,
  -0.5904250144958496,
  -0.4646143317222595,
  0.02080974169075489,
  -0.5416828393936157,
  -0.6118854880332947,
  -0.004981433507055044,
  -0.6143916845321655,
  -0.41693010926246643,
  -0.19011379778385162,
  -0.446094274520874,
  -0.22166435420513153,
  -0.14892667531967163,
  -0.5391826629638672,
  -0.5838660597801208,
  -0.1563204824924469,
  -0.577991247177124,
  -0.4628733694553375,
  -0.03108929470181465,
  0.13411816954612732,
  -0.6226086616516113,
  -0.03362813591957092,
  0.023344986140727997,
  -0.5784176588058472,
  -0.035092271864414215,
  0.16170044243335724,
  -0.6094725728034973,
  0.008822386153042316,
  0.10651975870132446,
  -0.6366843581199646,
  -0.01654374599456787,
  0.15324603021144867,
  -0.6232340931892395,
  -0.12428363412618637,
  0.08399306237697601,
  -0.14945508539676666,
  -0.041578467935323715,
  0.23556262254714966,
  -0.22109191119670868,
  -0.0005022070836275816,
  0.2585744857788086,
  -0.1551867425441742,
  -0.01894252561032772,
  0.24308854341506958,
  -0.0674704760313034,
  -0.009326526895165443,
  0.2448030561208725,
  -0.0681920200586319,
  0.007704065181314945,
  0.024938203394412994,
  -0.5919549465179443,
  -0.06773731857538223,
  -0.04361357167363167,
  -0.2997152805328369,
  -0.11008360981941223,
  0.02594897523522377,
  -0.012614402920007706,
  0.014559735544025898,
  -0.044747766107320786,
  0.0646652802824974,
  0.029475944116711617,
  -0.08204799890518188,
  -0.05532904714345932,
  0.02301030606031418,
  0.14915765821933746,
  -0.60738605260849,
  0.05034402757883072,
  0.08125711977481842,
  -0.6116060614585876,
  0.20579881966114044,
  0.03180897235870361,
  -0.2978971302509308,
  0.15176497399806976,
  0.15555016696453094,
  -0.24659539759159088,
  0.12359482795000076,
  0.16431458294391632,
