{
 "version": 5,
 "joints": [
  {
   "name": "Abdomen",
   "parent": -1,
   "rest_local": [
    0.9986171722412109,
    0.0525401346385479,
    0.001818950637243688,
    0.0,
    7.465782255167142e-05,
    -0.03601672127842903,
    0.9993512034416199,
    0.0,
    0.052571553736925125,
    -0.9979691505432129,
    -0.03597075864672661,
    0.0,
    -0.016269171610474586,
    0.7353073954582214,
    -0.07229933142662048,
    1.0
   ],
   "rest_world": [
    0.9986171722412109,
    0.0525401346385479,
    0.001818950637243688,
    0.0,
    7.465782255167142e-05,
    -0.03601672127842903,
    0.9993512034416199,
    0.0,
    0.052571553736925125,
    -0.9979691505432129,
    -0.03597075864672661,
    0.0,
    -0.016269171610474586,
    0.7353073954582214,
    -0.07229933142662048,
    1.0
   ],
   "constraints": [],
   "collider": {
    "shape": "convex_hull",
    "params": [
     0.0,
     0.0,
     0.0,
     0.0,
     0.0,
     0.0
    ],
    "ccd": false,
    "kinematic": false,
    "mass": 4.0,
    "hull_offset": 0,
    "hull_count": 26,
    "collision_group": 0
   },
   "joint_desc": {
    "type": 0,
    "axis": [
     0.0,
     1.0,
     0.0
    ],
    "rest_length": 0.0,
    "limit_min": [
     0.0,
     0.0,
     0.0
    ],
    "limit_max": [
     0.0,
     0.0,
     0.0
    ],
    "limit_axes": 0
   }
  },
  {
   "name": "Ribcage",
   "parent": 0,
   "rest_local": [
    0.9977123141288757,
    0.004676667507737875,
    0.06744132190942764,
    0.0,
    0.016044272109866142,
    0.9527214169502258,
    -0.3034211993217468,
    0.0,
    -0.06567180156707764,
    0.30380913615226746,
    0.9504667520523071,
    0.0,
    2.3283064365386963e-10,
    -2.0827428670600057e-09,
    -0.3251456618309021,
    1.0
   ],
   "rest_world": [
    0.9998785257339478,
    -0.01505285780876875,
    0.004062507301568985,
    0.0,
    0.0001418899919372052,
    0.269334077835083,
    0.9630467891693115,
    0.0,
    -0.015590792521834373,
    -0.9629291296005249,
    0.269303560256958,
    0.0,
    -0.03336258605122566,
    1.0597927570343018,
    -0.06060359627008438,
    1.0
   ],
   "constraints": [],
   "collider": {
    "shape": "convex_hull",
    "params": [
     0.0,
     0.0,
     0.0,
     0.0,
     0.0,
     0.0
    ],
    "ccd": false,
    "kinematic": false,
    "mass": 3.0,
    "hull_offset": 26,
    "hull_count": 25,
    "collision_group": 0
   },
   "joint_desc": {
    "type": 1,
    "axis": [
     0.0,
     1.0,
     0.0
    ],
    "rest_length": 0.0,
    "limit_min": [
     -0.3490658402442932,
     -0.3490658402442932,
     -1.1344640254974365
    ],
    "limit_max": [
     1.6580628156661987,
     0.3490658402442932,
     1.1344640254974365
    ],
    "limit_axes": 7
   }
  },
  {
   "name": "Neck",
   "parent": 1,
   "rest_local": [
    0.9550207257270813,
    0.11370795220136642,
    0.2738722264766693,
    0.0,
    -0.28526201844215393,
    0.6045494675636292,
    0.743737518787384,
    0.0,
    -0.0810004398226738,
    -0.7884102463722229,
    0.6097936630249023,
    0.0,
    -2.2118911147117615e-09,
    1.43554643727839e-08,
    -0.24672771990299225,
    1.0
   ],
   "rest_world": [
    0.9506509304046631,
    -0.2474699169397354,
    0.18714061379432678,
    0.0,
    -0.29673704504966736,
    -0.5490467548370361,
    0.7813416719436646,
    0.0,
    -0.09060963243246078,
    -0.7983145713806152,
    -0.5953853726387024,
    0.0,
    -0.029515905305743217,
    1.2973741292953491,
    -0.12704825401306152,
    1.0
   ],
   "constraints": [],
   "collider": {
    "shape": "none",
    "params": [
     0.0,
     0.0,
     0.0,
     0.0,
     0.0,
     0.0
    ],
    "ccd": false,
    "kinematic": false,
    "mass": 0.0,
    "hull_offset": 0,
    "hull_count": 0,
    "collision_group": 0
   },
   "joint_desc": {
    "type": 1,
    "axis": [
     0.0,
     1.0,
     0.0
    ],
    "rest_length": 0.0,
    "limit_min": [
     -0.5235987901687622,
     -0.5235987901687622,
     -0.8726646304130554
    ],
    "limit_max": [
     0.5235987901687622,
     0.5235987901687622,
     0.8726646304130554
    ],
    "limit_axes": 7
   }
  },
  {
   "name": "Head",
   "parent": 2,
   "rest_local": [
    0.9506507515907288,
    -0.2967369854450226,
    -0.09060954302549362,
    0.0,
    0.1871405988931656,
    0.7813414931297302,
    -0.5953851938247681,
    0.0,
    0.24746987223625183,
    0.5490467548370361,
    0.7983145117759705,
    0.0,
    3.632158041000366e-08,
    -7.59027898311615e-08,
    -0.09875951707363129,
    1.0
   ],
   "rest_world": [
    1.0,
    -5.960464477539063e-08,
    -1.4901161193847656e-08,
    0.0,
    1.4901161193847656e-08,
    -5.960464477539063e-08,
    1.0,
    0.0,
    -1.4901161193847656e-08,
    -0.9999998211860657,
    -2.9802322387695312e-08,
    0.0,
    -0.020567335188388824,
    1.3762153387069702,
    -0.06824824213981628,
    1.0
   ],
   "constraints": [],
   "collider": {
    "shape": "convex_hull",
    "params": [
     0.0,
     0.0,
     0.0,
     0.0,
     0.0,
     0.0
    ],
    "ccd": false,
    "kinematic": false,
    "mass": 2.0,
    "hull_offset": 51,
    "hull_count": 26,
    "collision_group": 5
   },
   "joint_desc": {
    "type": 1,
    "axis": [
     0.0,
     1.0,
     0.0
    ],
    "rest_length": 0.0,
    "limit_min": [
     -0.1745329201221466,
     -0.1745329201221466,
     -0.1745329201221466
    ],
    "limit_max": [
     0.1745329201221466,
     0.1745329201221466,
     0.1745329201221466
    ],
    "limit_axes": 7
   }
  },
  {
   "name": "Clav.R",
   "parent": 1,
   "rest_local": [
    -0.2920859158039093,
    0.2521394193172455,
    -0.92255699634552,
    0.0,
    -0.06437598168849945,
    0.9572511911392212,
    0.2820032835006714,
    0.0,
    0.9542229175567627,
    0.1417597383260727,
    -0.2633679509162903,
    0.0,
    -0.11374339461326599,
    0.0023509643506258726,
    -0.2296515256166458,
    1.0
   ],
   "rest_world": [
    -0.2776312530040741,
    0.9606634378433228,
    -0.006812423467636108,
    0.0,
    -0.06862898916006088,
    -0.012759745121002197,
    0.9975606203079224,
    0.0,
    0.9582332372665405,
    0.27742162346839905,
    0.06947185844182968,
    0.0,
    -0.14351136982440948,
    1.2832763195037842,
    -0.12064757943153381,
    1.0
   ],
   "constraints": [
    {
     "type": "LIMIT_LOCATION",
     "influence": 1.0,
     "owner_space": "LOCAL",
     "target_space": "WORLD",
     "target_bone": -1,
     "params": {
      "min_x": -0.20000000298023224,
      "max_x": 0.20000000298023224,
      "min_y": -0.20000000298023224,
      "max_y": 0.20000000298023224,
      "min_z": -0.30000001192092896,
      "max_z": 0.30000001192092896,
      "use_min_x": true,
      "use_max_x": true,
      "use_min_y": true,
      "use_max_y": true,
      "use_min_z": true,
      "use_max_z": true
     }
    }
   ],
   "collider": {
    "shape": "none",
    "params": [
     0.0,
     0.0,
     0.0,
     0.0,
     0.0,
     0.0
    ],
    "ccd": false,
    "kinematic": false,
    "mass": 0.0,
    "hull_offset": 0,
    "hull_count": 0,
    "collision_group": 0
   },
   "joint_desc": {
    "type": 3,
    "axis": [
     0.0,
     1.0,
     0.0
    ],
    "rest_length": 0.10000000149011612,
    "limit_min": [
     0.0,
     0.0,
     0.0
    ],
    "limit_max": [
     0.0,
     0.0,
     0.0
    ],
    "limit_axes": 0
   }
  },
  {
   "name": "UArm.R",
   "parent": 4,
   "rest_local": [
    -0.08256590366363525,
    -0.9912260174751282,
    -0.10321730375289917,
    0.0,
    0.8484500646591187,
    -0.12424694746732712,
    0.5144853591918945,
    0.0,
    -0.5227956771850586,
    -0.045095719397068024,
    0.851264238357544,
    0.0,
    5.7101715356111526e-08,
    9.313225746154785e-09,
    -0.08567098528146744,
    1.0
   ],
   "rest_world": [
    -0.007956534624099731,
    -0.0953049585223198,
    -0.9954162240028381,
    0.0,
    0.2659676671028137,
    0.9593896269798279,
    -0.09398160874843597,
    0.0,
    0.9639489054679871,
    -0.2654961347579956,
    0.01771470159292221,
    0.0,
    -0.22560420632362366,
    1.2595093250274658,
    -0.12659931182861328,
    1.0
   ],
   "constraints": [],
   "collider": {
    "shape": "convex_hull",
    "params": [
     0.0,
     0.0,
     0.0,
     0.0,
     0.0,
     0.0
    ],
    "ccd": false,
    "kinematic": false,
    "mass": 2.0,
    "hull_offset": 77,
    "hull_count": 26,
    "collision_group": 4
   },
   "joint_desc": {
    "type": 1,
    "axis": [
     0.0,
     1.0,
     0.0
    ],
    "rest_length": 0.0,
    "limit_min": [
     -2.7925267219543457,
     -1.0471975803375244,
     -3.3161256313323975
    ],
    "limit_max": [
     1.3089969158172607,
     2.7925267219543457,
     2.7925267219543457
    ],
    "limit_axes": 7
   }
  },
  {
   "name": "FArm.R",
   "parent": 5,
   "rest_local": [
    -0.05454139783978462,
    0.9921542406082153,
    0.11249461024999619,
    0.0,
    -0.9850541353225708,
    -0.07189808785915375,
    0.15652106702327728,
    0.0,
    0.1633812040090561,
    -0.10227642208337784,
    0.9812469482421875,
    0.0,
    3.026798367500305e-09,
    -2.7939677238464355e-09,
    -0.14855806529521942,
    1.0
   ],
   "rest_world": [
    0.3727540075778961,
    0.9271937012672424,
    -0.03696005418896675,
    0.0,
    0.13959336280822754,
    -0.01665349304676056,
    0.9900686740875244,
    0.0,
    0.9173697829246521,
    -0.37421128153800964,
    -0.13563770055770874,
    0.0,
    -0.36880654096603394,
    1.2989509105682373,
    -0.12923097610473633,
    1.0
   ],
   "constraints": [],
   "collider": {
    "shape": "convex_hull",
    "params": [
     0.0,
     0.0,
     0.0,
     0.0,
     0.0,
     0.0
    ],
    "ccd": false,
    "kinematic": false,
    "mass": 1.0,
    "hull_offset": 103,
    "hull_count": 25,
    "collision_group": 4
   },
   "joint_desc": {
    "type": 1,
    "axis": [
     0.0,
     1.0,
     0.0
    ],
    "rest_length": 0.0,
    "limit_min": [
     0.0,
     -0.001745329238474369,
     -1.5707963705062866
    ],
    "limit_max": [
     2.879793167114258,
     0.001745329238474369,
     1.483529806137085
    ],
    "limit_axes": 7
   }
  },
  {
   "name": "Hand.R",
   "parent": 6,
   "rest_local": [
    0.8840296864509583,
    0.010331624187529087,
    -0.4673164486885071,
    0.0,
    0.03968019410967827,
    0.9944881796836853,
    0.09705019742250443,
    0.0,
    0.46574336290359497,
    -0.10433848202228546,
    0.8787471652030945,
    0.0,
    9.755603969097137e-08,
    -1.1175870895385742e-08,
    -0.22041524946689606,
    1.0
   ],
   "rest_world": [
    -0.09773415327072144,
    0.9943698048591614,
    0.04094095900654793,
    0.0,
    0.24264582991600037,
    -0.016087759286165237,
    0.96998131275177,
    0.0,
    0.965178906917572,
    0.10473481565713882,
    -0.23970741033554077,
    0.0,
    -0.5710088014602661,
    1.3814327716827393,
    -0.09933436661958694,
    1.0
   ],
   "constraints": [],
   "collider": {
    "shape": "convex_hull",
    "params": [
     0.0,
     0.0,
     0.0,
     0.0,
     0.0,
     0.0
    ],
    "ccd": true,
    "kinematic": false,
    "mass": 1.0,
    "hull_offset": 128,
    "hull_count": 26,
    "collision_group": 4
   },
   "joint_desc": {
    "type": 1,
    "axis": [
     0.0,
     1.0,
     0.0
    ],
    "rest_length": 0.0,
    "limit_min": [
     -0.1745329201221466,
     -1.5707963705062866,
     -0.0
    ],
    "limit_max": [
     0.3490658402442932,
     1.5707963705062866,
     -0.0
    ],
    "limit_axes": 1
   }
  },
  {
   "name": "Clav.L",
   "parent": 1,
   "rest_local": [
    0.005244195926934481,
    -0.272956520318985,
    0.962011992931366,
    0.0,
    -0.12200519442558289,
    0.9546636343002319,
    0.27153661847114563,
    0.0,
    -0.9925157427787781,
    -0.11879444867372513,
    -0.028295623138546944,
    0.0,
    0.09242816269397736,
    -0.005108773708343506,
    -0.2272201031446457,
    1.0
   ],
   "rest_world": [
    -0.009793700650334358,
    -0.999944806098938,
    -0.003775358200073242,
    0.0,
    -0.12608838081359863,
    -0.002510547637939453,
    0.9920157790184021,
    0.0,
    -0.9919708371162415,
    0.010191485285758972,
    -0.12605682015419006,
    0.0,
    0.0625961646437645,
    1.275822401046753,
    -0.12633928656578064,
    1.0
   ],
   "constraints": [
    {
     "type": "LIMIT_LOCATION",
     "influence": 0.0,
     "owner_space": "LOCAL",
     "target_space": "WORLD",
     "target_bone": -1,
     "params": {
      "min_x": -0.20000000298023224,
      "max_x": 0.20000000298023224,
      "min_y": -0.20000000298023224,
      "max_y": 0.20000000298023224,
      "min_z": -0.30000001192092896,
      "max_z": 0.30000001192092896,
      "use_min_x": true,
      "use_max_x": true,
      "use_min_y": true,
      "use_max_y": true,
      "use_min_z": true,
      "use_max_z": true
     }
    }
   ],
   "collider": {
    "shape": "none",
    "params": [
     0.0,
     0.0,
     0.0,
     0.0,
     0.0,
     0.0
    ],
    "ccd": false,
    "kinematic": false,
    "mass": 0.0,
    "hull_offset": 0,
    "hull_count": 0,
    "collision_group": 0
   },
   "joint_desc": {
    "type": 3,
    "axis": [
     0.0,
     1.0,
     0.0
    ],
    "rest_length": 0.10000000149011612,
    "limit_min": [
     0.0,
     0.0,
     0.0
    ],
    "limit_max": [
     0.0,
     0.0,
     0.0
    ],
    "limit_axes": 0
   }
  },
  {
   "name": "UArm.L",
   "parent": 8,
   "rest_local": [
    0.8955111503601074,
    -0.08665604144334793,
    -0.43652093410491943,
    0.0,
    -0.15624892711639404,
    0.8572001457214355,
    -0.4907076954841614,
    0.0,
    0.41670867800712585,
    0.5076401829719543,
    0.7540923357009888,
    0.0,
    7.945345714688301e-09,
    1.1874362826347351e-08,
    -0.0899260938167572,
    1.0
   ],
   "rest_world": [
    0.43517202138900757,
    -0.899692952632904,
    -0.03431859239935875,
    0.0,
    0.38021501898765564,
    0.14908722043037415,
    0.912803053855896,
    0.0,
    -0.81612628698349,
    -0.41027480363845825,
    0.406955361366272,
    0.0,
    0.1518002301454544,
    1.2749059200286865,
    -0.11500348895788193,
    1.0
   ],
   "constraints": [],
   "collider": {
    "shape": "convex_hull",
    "params": [
     0.0,
     0.0,
     0.0,
     0.0,
     0.0,
     0.0
    ],
    "ccd": false,
    "kinematic": false,
    "mass": 2.0,
    "hull_offset": 154,
    "hull_count": 26,
    "collision_group": 4
   },
   "joint_desc": {
    "type": 1,
    "axis": [
     0.0,
     1.0,
     0.0
    ],
    "rest_length": 0.0,
    "limit_min": [
     -2.7925267219543457,
     -1.0471975803375244,
     -3.3161256313323975
    ],
    "limit_max": [
     1.3089969158172607,
     2.7925267219543457,
     2.7925267219543457
    ],
    "limit_axes": 7
   }
  },
  {
   "name": "FArm.L",
   "parent": 9,
   "rest_local": [
    0.9783064126968384,
    -0.05215458199381828,
    0.20049035549163818,
    0.0,
    -0.01895330660045147,
    0.9411981105804443,
    0.33732277154922485,
    0.0,
    -0.20629405975341797,
    -0.33380502462387085,
    0.9197918176651001,
    0.0,
    -1.4156103134155273e-07,
    0.0,
    -0.16996672749519348,
    1.0
   ],
   "rest_world": [
    0.24227622151374817,
    -0.970207154750824,
    0.0004096478223800659,
    0.0,
    0.074311763048172,
    0.01897774636745453,
    0.9970543384552002,
    0.0,
    -0.9673573970794678,
    -0.24153214693069458,
    0.07669568061828613,
    0.0,
    0.2905144691467285,
    1.3446389436721802,
    -0.18417231738567352,
    1.0
   ],
   "constraints": [],
   "collider": {
    "shape": "convex_hull",
    "params": [
     0.0,
     0.0,
     0.0,
     0.0,
     0.0,
     0.0
    ],
    "ccd": false,
    "kinematic": false,
    "mass": 1.0,
    "hull_offset": 180,
    "hull_count": 25,
    "collision_group": 4
   },
   "joint_desc": {
    "type": 1,
    "axis": [
     0.0,
     1.0,
     0.0
    ],
    "rest_length": 0.0,
    "limit_min": [
     0.0,
     -0.001745329238474369,
     -1.5707963705062866
    ],
    "limit_max": [
     2.879793167114258,
     0.001745329238474369,
     1.483529806137085
    ],
    "limit_axes": 7
   }
  },
  {
   "name": "Hand.L",
   "parent": 10,
   "rest_local": [
    0.9616586565971375,
    -0.022888753563165665,
    0.27329221367836,
    0.0,
    -0.009426744654774666,
    0.9931635856628418,
    0.11635014414787292,
    0.0,
    -0.27408692240715027,
    -0.1144653856754303,
    0.9548685550689697,
    0.0,
    -5.864421837031841e-08,
    2.60770320892334e-08,
    -0.2192181646823883,
    1.0
   ],
   "rest_world": [
    -0.03308511897921562,
    -0.9994513988494873,
    -0.0014670565724372864,
    0.0,
    -0.041032321751117706,
    -0.000108400359749794,
    0.999157726764679,
    0.0,
    -0.9986101388931274,
    0.03311733528971672,
    -0.0410061851143837,
    0.0,
    0.5025768280029297,
    1.3975871801376343,
    -0.2009854018688202,
    1.0
   ],
   "constraints": [],
   "collider": {
    "shape": "convex_hull",
    "params": [
     0.0,
     0.0,
     0.0,
     0.0,
     0.0,
     0.0
    ],
    "ccd": true,
    "kinematic": false,
    "mass": 1.0,
    "hull_offset": 205,
    "hull_count": 25,
    "collision_group": 4
   },
   "joint_desc": {
    "type": 1,
    "axis": [
     0.0,
     1.0,
     0.0
    ],
    "rest_length": 0.0,
    "limit_min": [
     -0.1745329201221466,
     -1.5707963705062866,
     -0.0
    ],
    "limit_max": [
     0.3490658402442932,
     1.5707963705062866,
     -0.0
    ],
    "limit_axes": 7
   }
  },
  {
   "name": "Pelvis.R",
   "parent": 0,
   "rest_local": [
    -0.0018186983652412891,
    -0.9993513226509094,
    0.03596942871809006,
    0.0,
    0.26043111085891724,
    -0.03520161285996437,
    -0.9648506045341492,
    0.0,
    0.9654908776283264,
    0.007612864952534437,
    0.26032617688179016,
    0.0,
    -0.022113874554634094,
    0.025723803788423538,
    -0.001768679590895772,
    1.0
   ],
   "rest_world": [
    1.76041794475168e-07,
    1.4230608940124512e-06,
    -1.0000001192092896,
    0.0,
    0.20934465527534485,
    0.9778420925140381,
    1.344829797744751e-06,
    0.0,
    0.9778421521186829,
    -0.20934465527534485,
    -2.3748725652694702e-08,
    0.0,
    -0.03844352811574936,
    0.7349840998649597,
    -0.046568818390369415,
    1.0
   ],
   "constraints": [],
   "collider": {
    "shape": "convex_hull",
    "params": [
     0.0,
     0.0,
     0.0,
     0.0,
     0.0,
     0.0
    ],
    "ccd": false,
    "kinematic": false,
    "mass": 2.0,
    "hull_offset": 230,
    "hull_count": 23,
    "collision_group": 0
   },
   "joint_desc": {
    "type": 4,
    "axis": [
     0.0,
     1.0,
     0.0
    ],
    "rest_length": 0.0,
    "limit_min": [
     0.0,
     0.0,
     0.0
    ],
    "limit_max": [
     0.0,
     0.0,
     0.0
    ],
    "limit_axes": 0
   }
  },
  {
   "name": "Thigh.R",
   "parent": 12,
   "rest_local": [
    0.9987991452217102,
    0.04812849685549736,
    0.009160671383142471,
    0.0,
    -0.0050887963734567165,
    0.28788405656814575,
    -0.9576517343521118,
    0.0,
    -0.04872754588723183,
    0.9564551711082458,
    0.2877831757068634,
    0.0,
    1.6516317202786013e-09,
    5.269124869755615e-08,
    -0.10637558251619339,
    1.0
   ],
   "rest_world": [
    0.019033309072256088,
    0.04514575004577637,
    -0.998799204826355,
    0.0,
    -0.8761652112007141,
    0.48198437690734863,
    0.005089206621050835,
    0.0,
    0.48163527250289917,
    0.8750161528587341,
    0.048728831112384796,
    0.0,
    -0.14246205985546112,
    0.7572532892227173,
    -0.04656881466507912,
    1.0
   ],
   "constraints": [],
   "collider": {
    "shape": "convex_hull",
    "params": [
     0.0,
     0.0,
     0.0,
     0.0,
     0.0,
     0.0
    ],
    "ccd": false,
    "kinematic": false,
    "mass": 2.0,
    "hull_offset": 253,
    "hull_count": 25,
    "collision_group": 2
   },
   "joint_desc": {
    "type": 1,
    "axis": [
     0.0,
     1.0,
     0.0
    ],
    "rest_length": 0.0,
    "limit_min": [
     -1.2217304706573486,
     0.0,
     -0.001745329238474369
    ],
    "limit_max": [
     1.2217304706573486,
     2.268928050994873,
     0.001745329238474369
    ],
    "limit_axes": 7
   }
  },
  {
   "name": "Calf.R",
   "parent": 13,
   "rest_local": [
    0.9983541965484619,
    0.0036522955633699894,
    0.0572301484644413,
    0.0,
    -0.004871233366429806,
    0.9997638463973999,
    0.021173998713493347,
    0.0,
    -0.05713929980993271,
    -0.021417848765850067,
    0.9981364607810974,
    0.0,
    -4.656612873077393e-10,
    4.918547347187996e-08,
    -0.32372069358825684,
    1.0
   ],
   "rest_world": [
    0.04336602985858917,
    0.09690910577774048,
    -0.9943480491638184,
    0.0,
    -0.865852952003479,
    0.5001782178878784,
    0.010985169559717178,
    0.0,
    0.4984157681465149,
    0.8604828715324402,
    0.10559971630573273,
    0.0,
    -0.2983773946762085,
    0.4739924371242523,
    -0.06234334781765938,
    1.0
   ],
   "constraints": [],
   "collider": {
    "shape": "convex_hull",
    "params": [
     0.0,
     0.0,
     0.0,
     0.0,
     0.0,
     0.0
    ],
    "ccd": false,
    "kinematic": false,
    "mass": 3.0,
    "hull_offset": 278,
    "hull_count": 25,
    "collision_group": 2
   },
   "joint_desc": {
    "type": 1,
    "axis": [
     0.0,
     1.0,
     0.0
    ],
    "rest_length": 0.0,
    "limit_min": [
     -0.1745329201221466,
     -3.3161256313323975,
     -0.0872664600610733
    ],
    "limit_max": [
     0.1745329201221466,
     0.05235987901687622,
     0.0872664600610733
    ],
    "limit_axes": 7
   }
  },
  {
   "name": "Foot.R",
   "parent": 14,
   "rest_local": [
    0.004054903518408537,
    -0.3370053172111511,
    -0.9414939880371094,
    0.0,
    -0.26944050192832947,
    0.906313419342041,
    -0.32557299733161926,
    0.0,
    0.9630085825920105,
    0.25499677658081055,
    -0.08712785691022873,
    0.0,
    1.6763806343078613e-08,
    -3.702007234096527e-08,
    -0.4836050868034363,
    1.0
   ],
   "rest_world": [
    -0.17728251218795776,
    -0.9783092737197876,
    -0.10715553909540176,
    0.0,
    -0.9586894512176514,
    0.14705699682235718,
    0.2434932440519333,
    0.0,
    -0.2224537581205368,
    0.14589610695838928,
    -0.9639652371406555,
    0.0,
    -0.5394138097763062,
    0.05785849690437317,
    -0.11341191828250885,
    1.0
   ],
   "constraints": [],
   "collider": {
    "shape": "convex_hull",
    "params": [
     0.0,
     0.0,
     0.0,
     0.0,
     0.0,
     0.0
    ],
    "ccd": true,
    "kinematic": false,
    "mass": 2.0,
    "hull_offset": 303,
    "hull_count": 25,
    "collision_group": 2
   },
   "joint_desc": {
    "type": 1,
    "axis": [
     0.0,
     1.0,
     0.0
    ],
    "rest_length": 0.0,
    "limit_min": [
     -0.3490658402442932,
     -1.5707963705062866,
     -0.5235987901687622
    ],
    "limit_max": [
     1.5707963705062866,
     0.1745329201221466,
     0.5235987901687622
    ],
    "limit_axes": 7
   }
  },
  {
   "name": "Pelvis.L",
   "parent": 0,
   "rest_local": [
    -0.006118722725659609,
    0.9993553161621094,
    -0.03537527844309807,
    0.0,
    -0.10741478949785233,
    -0.03582809492945671,
    -0.9935683608055115,
    0.0,
    -0.9941954016685486,
    -0.0022796085104346275,
    0.10756473988294601,
    0.0,
    -0.0011722806375473738,
    0.02572537027299404,
    -0.000666222651489079,
    1.0
   ],
   "rest_world": [
    -0.007895385846495628,
    -0.0010115467011928558,
    0.9999683499336243,
    0.0,
    -0.15950235724449158,
    0.9871974587440491,
    -0.00026082247495651245,
    0.0,
    -0.9871659278869629,
    -0.15949934720993042,
    -0.007955707609653473,
    0.0,
    -0.01747293211519718,
    0.7349840998649597,
    -0.046568818390369415,
    1.0
   ],
   "constraints": [],
   "collider": {
    "shape": "convex_hull",
    "params": [
     0.0,
     0.0,
     0.0,
     0.0,
     0.0,
     0.0
    ],
    "ccd": false,
    "kinematic": false,
    "mass": 2.0,
    "hull_offset": 328,
    "hull_count": 24,
    "collision_group": 0
   },
   "joint_desc": {
    "type": 4,
    "axis": [
     0.0,
     1.0,
     0.0
    ],
    "rest_length": 0.0,
    "limit_min": [
     0.0,
     0.0,
     0.0
    ],
    "limit_max": [
     0.0,
     0.0,
     0.0
    ],
    "limit_axes": 0
   }
  },
  {
   "name": "Thigh.L",
   "parent": 16,
   "rest_local": [
    0.9573306441307068,
    -0.2764242887496948,
    -0.08430735766887665,
    0.0,
    -0.007589372340589762,
    0.26757827401161194,
    -0.963506281375885,
    0.0,
    0.2888953387737274,
    0.9230338335037231,
    0.25406286120414734,
    0.0,
    2.9103830456733704e-10,
    2.5467670639045537e-08,
    -0.15203221142292023,
    1.0
   ],
   "rest_world": [
    0.11975717544555664,
    -0.2604067623615265,
    0.9580431580543518,
    0.0,
    0.9085211157798767,
    0.4178388714790344,
    6.452304660342634e-06,
    0.0,
    -0.4003092050552368,
    0.8704015612602234,
    0.2866241931915283,
    0.0,
    0.132608100771904,
    0.7592331171035767,
    -0.0453592948615551,
    1.0
   ],
   "constraints": [],
   "collider": {
    "shape": "convex_hull",
    "params": [
     0.0,
     0.0,
     0.0,
     0.0,
     0.0,
     0.0
    ],
    "ccd": false,
    "kinematic": false,
    "mass": 2.0,
    "hull_offset": 352,
    "hull_count": 26,
    "collision_group": 1
   },
   "joint_desc": {
    "type": 1,
    "axis": [
     0.0,
     1.0,
     0.0
    ],
    "rest_length": 0.0,
    "limit_min": [
     -1.2217304706573486,
     0.0,
     -0.001745329238474369
    ],
    "limit_max": [
     1.2217304706573486,
     2.268928050994873,
     0.001745329238474369
    ],
    "limit_axes": 7
   }
  },
  {
   "name": "Calf.L",
   "parent": 17,
   "rest_local": [
    0.9956765174865723,
    0.014030270278453827,
    0.09182316064834595,
    0.0,
    -0.01692511886358261,
    0.9993815422058105,
    0.03082365170121193,
    0.0,
    -0.09133394062519073,
    -0.0322444923222065,
    0.9952982664108276,
    0.0,
    -3.3527612686157227e-08,
    -3.675404514069669e-08,
    -0.33349695801734924,
    1.0
   ],
   "rest_world": [
    0.09522854536771774,
    -0.17349548637866974,
    0.980219841003418,
    0.0,
    0.8935933113098145,
    0.44881680607795715,
    -0.007373720407485962,
    0.0,
    -0.4386597275733948,
    0.8766201138496399,
    0.1977745145559311,
    0.0,
    0.26611000299453735,
    0.468956857919693,
    -0.1409475952386856,
    1.0
   ],
   "constraints": [],
   "collider": {
    "shape": "convex_hull",
    "params": [
     0.0,
     0.0,
     0.0,
     0.0,
     0.0,
     0.0
    ],
    "ccd": false,
    "kinematic": false,
    "mass": 3.0,
    "hull_offset": 378,
    "hull_count": 25,
    "collision_group": 1
   },
   "joint_desc": {
    "type": 1,
    "axis": [
     0.0,
     1.0,
     0.0
    ],
    "rest_length": 0.0,
    "limit_min": [
     -0.1745329201221466,
     -3.3161256313323975,
     -0.0872664600610733
    ],
    "limit_max": [
     0.1745329201221466,
     0.05235987901687622,
     0.0872664600610733
    ],
    "limit_axes": 7
   }
  },
  {
   "name": "Foot.L",
   "parent": 18,
   "rest_local": [
    0.04853505641222,
    0.24784697592258453,
    0.9675828218460083,
    0.0,
    -0.15819115936756134,
    0.9584049582481384,
    -0.23756100237369537,
    0.0,
    -0.9862149357795715,
    -0.1415330022573471,
    0.08572348207235336,
    0.0,
    -3.725290298461914e-09,
    -4.4354237616062164e-08,
    -0.45699381828308105,
    1.0
   ],
   "rest_world": [
    -0.19834329187870026,
    0.951019823551178,
    0.2371106892824173,
    0.0,
    0.9455685019493103,
    0.24934300780296326,
    -0.20911264419555664,
    0.0,
    -0.2579922080039978,
    0.1827283799648285,
    -0.9487099647521973,
    0.0,
    0.4665747880935669,
    0.06834685802459717,
    -0.2313293218612671,
    1.0
   ],
   "constraints": [],
   "collider": {
    "shape": "convex_hull",
    "params": [
     0.0,
     0.0,
     0.0,
     0.0,
     0.0,
     0.0
    ],
    "ccd": true,
    "kinematic": false,
    "mass": 2.0,
    "hull_offset": 403,
    "hull_count": 25,
    "collision_group": 1
   },
   "joint_desc": {
    "type": 1,
    "axis": [
     0.0,
     1.0,
     0.0
    ],
    "rest_length": 0.0,
    "limit_min": [
     -0.3490658402442932,
     -1.5707963705062866,
     -0.5235987901687622
    ],
    "limit_max": [
     1.5707963705062866,
     0.1745329201221466,
     0.5235987901687622
    ],
    "limit_axes": 7
   }
  }
 ],
 "ibms": [
  [
   0.9986171126365662,
   7.465178350685164e-05,
   0.052571553736925125,
   0.0,
   0.052540123462677,
   -0.036016639322042465,
   -0.9979690313339233,
   0.0,
   0.001818948658183217,
   0.9993511438369751,
   -0.035970836877822876,
   0.0,
   -0.0033797058276832104,
   0.12246380746364594,
   0.7394666075706482,
   1.0
  ],
  [
   0.9998784065246582,
   0.00014188187196850777,
   -0.015590778551995754,
   0.0,
   -0.015052873641252518,
   0.26933416724205017,
   -0.9629291892051697,
   0.0,
   0.004062501713633537,
   0.9630468487739563,
   0.26930350065231323,
   0.0,
   0.06899961829185486,
   -0.20640632510185242,
   1.0493065118789673,
   1.0
  ],
  [
   0.9506507515907288,
   -0.29673701524734497,
   -0.0906096026301384,
   0.0,
   -0.2474699318408966,
   -0.5490468740463257,
   -0.79831463098526,
   0.0,
   0.1871405690908432,
   0.7813414931297302,
   -0.5953852534294128,
   0.0,
   0.3973737955093384,
   0.8194435834884644,
   0.9474573135375977,
   1.0
  ],
  [
   1.0,
   1.4901159417490817e-08,
   -5.960465898624534e-08,
   0.0,
   -1.4901164746561335e-08,
   -2.980232949312267e-08,
   -1.000000238418579,
   0.0,
   -1.4901162970204496e-08,
   1.0,
   -5.960465898624534e-08,
   0.0,
   0.03980720043182373,
   0.09172798693180084,
   1.383461356163025,
   1.0
  ],
  [
   -0.27763137221336365,
   -0.06862900406122208,
   0.9582332968711853,
   0.0,
   0.9606636762619019,
   -0.012759669683873653,
   0.27742159366607666,
   0.0,
   -0.006812355015426874,
   0.9975606799125671,
   0.06947188079357147,
   0.0,
   -1.2859245538711548,
   0.14907291531562805,
   -0.19205224514007568,
   1.0
  ],
  [
   -0.007956456393003464,
   0.26596757769584656,
   0.9639493227005005,
   0.0,
   -0.09530504792928696,
   0.9593898057937622,
   -0.2654964327812195,
   0.0,
   -0.9954164028167725,
   -0.09398157149553299,
   0.01771462708711624,
   0.0,
   -0.03061104379594326,
   -1.16429603099823,
   0.5749948024749756,
   1.0
  ],
  [
   0.3727540075778961,
   0.13959339261054993,
   0.917370617389679,
   0.0,
   0.9271939396858215,
   -0.016653472557663918,
   -0.37421172857284546,
   0.0,
   -0.03696002811193466,
   0.9900690317153931,
   -0.13563784956932068,
   0.0,
   -1.0720959901809692,
   0.22711554169654846,
   0.8240631222724915,
   1.0
  ],
  [
   -0.09773454070091248,
   0.2426459640264511,
   0.9651796221733093,
   0.0,
   0.9943703413009644,
   -0.016087763011455536,
   0.10473453998565674,
   0.0,
   0.04094106703996658,
   0.9699817299842834,
   -0.2397075593471527,
   0.0,
   -1.4335203170776367,
   0.2846895754337311,
   0.3948138654232025,
   1.0
  ],
  [
   -0.009793641977012157,
   -0.12608833611011505,
   -0.9919704794883728,
   0.0,
   -0.9999450445175171,
   -0.00251048244535923,
   0.010191534645855427,
   0.0,
   -0.0037754178047180176,
   0.9920158982276917,
   -0.12605683505535126,
   0.0,
   1.2828567028045654,
   0.15731064975261688,
   0.011046051979064941,
   1.0
  ],
  [
   0.4351719319820404,
   0.3802149295806885,
   -0.8161259889602661,
   0.0,
   -0.8996931314468384,
   0.14908728003501892,
   -0.41027480363845825,
   0.0,
   -0.03431864082813263,
   0.9128031730651855,
   0.406955361366272,
   0.0,
   1.0911039113998413,
   -0.11514604091644287,
   0.69057697057724,
   1.0
  ],
  [
   0.24227619171142578,
   0.0743117555975914,
   -0.9673569798469543,
   0.0,
   -0.9702072739601135,
   0.01897781528532505,
   -0.2415321171283722,
   0.0,
   0.00040958449244499207,
   0.9970545768737793,
   0.07669565826654434,
   0.0,
   1.2459700107574463,
   0.16122567653656006,
   0.60486900806427,
   1.0
  ],
  [
   -0.033084992319345474,
   -0.04103226959705353,
   -0.9986096620559692,
   0.0,
   -0.9994515180587769,
   -0.0001083230454241857,
   0.033117447048425674,
   0.0,
   -0.0014671306125819683,
   0.9991579055786133,
   -0.041006218641996384,
   0.0,
   1.4197242259979248,
   0.24426066875457764,
   0.4269360303878784,
   1.0
  ],
  [
   2.583103082542948e-07,
   0.20934458076953888,
   0.9778417348861694,
   0.0,
   1.3200021840020781e-06,
   0.9778417944908142,
   -0.20934458076953888,
   0.0,
   -0.9999998807907104,
   1.4283816653914982e-06,
   -1.2576906271988264e-07,
   0.0,
   -0.0700494796037674,
   -0.7137075066566467,
   0.21178701519966125,
   1.0
  ],
  [
   0.019033389165997505,
   -0.8761649131774902,
   0.48163512349128723,
   0.0,
   0.04514562338590622,
   0.4819841682910919,
   0.8750158548355103,
   0.0,
   -0.9987989068031311,
   0.005089330952614546,
   0.04872887209057808,
   0.0,
   -0.10140043497085571,
   -0.5097975134849548,
   -0.5876540541648865,
   1.0
  ],
  [
   0.04336611181497574,
   -0.8658527731895447,
   0.49841561913490295,
   0.0,
   0.09690896421670914,
   0.5001779794692993,
   0.8604825139045715,
   0.0,
   -0.9943479895591736,
   0.010985296219587326,
   0.10559973865747452,
   0.0,
   -0.11820044368505478,
   -0.5147718191146851,
   -0.2467288076877594,
   1.0
  ],
  [
   -0.177282452583313,
   -0.9586892127990723,
   -0.22245360910892487,
   0.0,
   -0.9783087968826294,
   0.1470569521188736,
   0.14589591324329376,
   0.0,
   -0.10715562850236893,
   0.24349327385425568,
   -0.9639649391174316,
   0.0,
   -0.0500161312520504,
   -0.5118170976638794,
   -0.26573172211647034,
   1.0
  ],
  [
   -0.0078954566270113,
   -0.15950235724449158,
   -0.9871660470962524,
   0.0,
   -0.0010114791803061962,
   0.9871975779533386,
   -0.1594993770122528,
   0.0,
   0.9999682903289795,
   -0.00026074450579471886,
   -0.007955649867653847,
   0.0,
   0.07050719112157822,
   -0.738601565361023,
   0.0815863236784935,
   1.0
  ],
  [
   0.11975711584091187,
   0.9085212349891663,
   -0.40030938386917114,
   0.0,
   -0.2604067623615265,
   0.41783881187438965,
   0.8704017400741577,
   0.0,
   0.9580430388450623,
   6.392598606907995e-06,
   0.2866242825984955,
   0.0,
   0.2519703507423401,
   -0.4232616424560547,
   -0.6020312309265137,
   1.0
  ],
  [
   0.09522847831249237,
   0.8935933709144592,
   -0.4386598467826843,
   0.0,
   -0.17349542677402496,
   0.4488167464733124,
   0.8766201138496399,
   0.0,
   0.9802197217941284,
   -0.00737377256155014,
   0.19777457416057587,
   0.0,
   0.22028478980064392,
   -0.4355417490005493,
   -0.2766372561454773,
   1.0
  ],
  [
   -0.19834333658218384,
   0.9455686211585999,
   -0.25799208879470825,
   0.0,
   0.9510194659233093,
   0.2493429034948349,
   0.18272827565670013,
   0.0,
   0.2371106892824173,
   -0.2091127187013626,
   -0.9487096667289734,
   0.0,
   0.0772537887096405,
   -0.4951181709766388,
   -0.14014381170272827,
   1.0
  ]
 ],
 "hull_vertices": [
  -0.03518969565629959,
  -0.1590597778558731,
  -0.2507850229740143,
  -0.12360809743404388,
  -0.0948195829987526,
  -0.256763756275177,
  -0.1660093516111374,
  -0.16902564465999603,
  -0.04228976368904114,
  -0.18839645385742188,
  -0.11406613886356354,
  0.06468869000673294,
  -0.22746843099594116,
  -0.04802737757563591,
  0.055186424404382706,
  -0.13481254875659943,
  -0.05516432598233223,
  -0.26493921875953674,
  -0.10210400074720383,
  0.027143577113747597,
  -0.2739243507385254,
  -0.09755302965641022,
  0.02937595173716545,
  -0.2746158838272095,
  -0.023978041484951973,
  0.043458085507154465,
  -0.26517656445503235,
  -0.24692288041114807,
  -0.03465784341096878,
  0.01550101488828659,
  -0.23023749887943268,
  0.00789736583828926,
  0.022349584847688675,
  -0.21044281125068665,
  0.014996678568422794,
  0.04505608230829239,
  -0.17649823427200317,
  0.009540865197777748,
  0.06592804938554764,
  -0.058021292090415955,
  0.0686672255396843,
  -0.11056137830018997,
  0.12955342233181,
  -0.11639285832643509,
  -0.24165889620780945,
  0.06936606764793396,
  -0.2155282348394394,
  -0.025183958932757378,
  0.15215305984020233,
  -0.18012189865112305,
  -0.04498704522848129,
  0.13797323405742645,
  -0.14695163071155548,
  0.08626258373260498,
  0.1789197027683258,
  -0.13113054633140564,
  0.0752614438533783,
  0.14787885546684265,
  -0.026075370609760284,
  -0.24734073877334595,
  0.13402938842773438,
  0.003609780687838793,
  -0.2605073153972626,
  0.23063674569129944,
  -0.06775455921888351,
  0.0461692251265049,
  0.22011709213256836,
  -0.06579578667879105,
  0.0657433494925499,
  0.14541344344615936,
  -0.0514289066195488,
  0.0990540087223053,
  0.1907363384962082,
  0.010074096731841564,
  -0.02522997185587883,
  0.195063054561615,
  -0.013994681648910046,
  0.0657576248049736,
  -0.15468360483646393,
  -0.116287000477314,
  -0.18221041560173035,
  -0.23195870220661163,
  -0.0022213635966181755,
  -0.2695305645465851,
  -0.23768143355846405,
  -0.001668703043833375,
  -0.24186614155769348,
  -0.2308265119791031,
  0.004769043996930122,
  -0.26629748940467834,
  -0.21375112235546112,
  -0.03804641216993332,
  -0.2649803161621094,
  -0.12283987551927567,
  -0.10365752130746841,
  0.04094606637954712,
  -0.2290540486574173,
  0.01208939403295517,
  -0.2426312416791916,
  -0.14303801953792572,
  0.028200004249811172,
  -0.2753202021121979,
  -0.12762480974197388,
  -0.04015502706170082,
  0.04958454519510269,
  -0.1017794981598854,
  0.005627439823001623,
  0.06618987768888474,
  -0.019675549119710922,
  0.022822842001914978,
  0.07177650183439255,
  -0.07710186392068863,
  0.10529147833585739,
  -0.07594211399555206,
  0.04820861667394638,
  -0.12924979627132416,
  -0.3022051155567169,
  0.03889041021466255,
  -0.18268561363220215,
  -0.07265132665634155,
  0.04536249488592148,
  -0.06720041483640671,
  -0.33448436856269836,
  0.027817122638225555,
  -0.17978110909461975,
  0.023218264803290367,
  0.23513905704021454,
  -0.054754838347435,
  -0.2853127717971802,
  0.2385638803243637,
  -0.04181776940822601,
  -0.2879611849784851,
  0.2467818558216095,
  -0.043790530413389206,
  -0.2546112835407257,
  0.23656411468982697,
  -0.03082909807562828,
  -0.2829357385635376,
  0.22547100484371185,
  -0.07615357637405396,
  -0.23719967901706696,
  0.1373160481452942,
  -0.1274261772632599,
  0.029923846945166588,
  0.23751677572727203,
  -0.02373787946999073,
  -0.24591906368732452,
  0.1526658684015274,
  -0.04607763513922691,
  0.056317783892154694,
  0.1332315057516098,
  -0.009693266823887825,
  0.05519641190767288,
  0.003756823018193245,
  0.015010223723948002,
  -0.06755553930997849,
  0.05494759976863861,
  -0.012242093682289124,
  -0.1252986192703247,
  0.07020942121744156,
  -0.07151104509830475,
  -0.14237676560878754,
  0.015348989516496658,
  -0.012398820370435715,
  0.005718834698200226,
  0.03727085515856743,
  -0.045429106801748276,
  -0.005915275774896145,
  0.04733863100409508,
  -0.023813413456082344,
  -0.17213380336761475,
  0.050517626106739044,
  -0.08433759212493896,
  -0.19419513642787933,
  -0.004034574143588543,
  -0.08505308628082275,
  -0.21731744706630707,
  0.031616393476724625,
  -0.16137340664863586,
  -0.1784486621618271,
  -0.055434346199035645,
  -0.009515123441815376,
  -0.12466417253017426,
  -0.000728547980543226,
  -0.006445508915930986,
  0.008221873082220554,
  -0.000861913082189858,
  -0.019213471561670303,
  0.014447102323174477,
  -0.013404075056314468,
  -0.01057675201445818,
  0.0049185846000909805,
  -0.07413839548826218,
  -0.07272374629974365,
  -0.14744625985622406,
  -0.040097568184137344,
  -0.042411353439092636,
  -0.00798116810619831,
  -0.002178094582632184,
  -0.006903404835611582,
  -0.17498360574245453,
  -0.048058100044727325,
  -0.023599352687597275,
  -0.17443691194057465,
  -0.05477283149957657,
  -0.08327832072973251,
  -0.19558332860469818,
  0.046747706830501556,
  -0.1362338662147522,
  -0.06424389779567719,
