{
 "version": 5,
 "joints": [
  {
   "name": "Root",
   "parent": -1,
   "rest_local": [
    0.999023973941803,
    -0.04109766706824303,
    -0.016188638284802437,
    0.0,
    0.04119167476892471,
    0.7344887256622314,
    0.6773695945739746,
    0.0,
    -0.015947939828038216,
    -0.6773753762245178,
    0.7354646921157837,
    0.0,
    -0.004425525665283203,
    0.7357557415962219,
    0.002039170591160655,
    1.0
   ],
   "rest_world": [
    0.999023973941803,
    -0.04109766706824303,
    -0.016188638284802437,
    0.0,
    0.04119167476892471,
    0.7344887256622314,
    0.6773695945739746,
    0.0,
    -0.015947939828038216,
    -0.6773753762245178,
    0.7354646921157837,
    0.0,
    -0.004425525665283203,
    0.7357557415962219,
    0.002039170591160655,
    1.0
   ],
   "tail_pos": [
    -0.0030032414942979813,
    0.7961660623550415,
    -0.06355173885822296
   ],
   "constraints": [],
   "collider": {
    "shape": "point",
    "params": [
     0.0,
     0.0,
     0.0,
     0.0,
     0.0,
     0.0
    ],
    "ccd": false,
    "kinematic": false,
    "mass": 1.0,
    "hull_offset": 0,
    "hull_count": 0,
    "collision_group": 7
   },
   "joint_desc": {
    "type": 0,
    "axis": [
     0.0,
     1.0,
     0.0
    ],
    "rest_length": 0.0,
    "limit_min": [
     0.0,
     0.0,
     0.0
    ],
    "limit_max": [
     0.0,
     0.0,
     0.0
    ],
    "limit_axes": 0,
    "stiffness": 8000.0,
    "angular_compliance": 9.999999747378752e-06,
    "damping": 0.5,
    "yield_strength": 0.0,
    "break_strength": 0.0,
    "mass_scale": 15.0
   }
  },
  {
   "name": "Abdomen",
   "parent": 0,
   "rest_local": [
    0.9850957989692688,
    0.16515615582466125,
    -0.048057813197374344,
    0.0,
    -0.11677047610282898,
    0.8472711443901062,
    0.5181663036346436,
    0.0,
    0.12629637122154236,
    -0.5048316717147827,
    0.8539285063743591,
    0.0,
    4.656612873077393e-10,
    4.563480615615845e-08,
    -0.08918297290802002,
    1.0
   ],
   "rest_world": [
    0.9917038679122925,
    0.11337338387966156,
    0.0605795755982399,
    0.0,
    -0.09001968055963516,
    0.2761170268058777,
    0.956899106502533,
    0.0,
    0.09175984561443329,
    -0.9544138312339783,
    0.28403210639953613,
    0.0,
    -0.0030032414942979813,
    0.7961660623550415,
    -0.06355173140764236,
    1.0
   ],
   "tail_pos": [
    -0.02079978585243225,
    0.9812717437744141,
    -0.11863891035318375
   ],
   "constraints": [],
   "collider": {
    "shape": "box",
    "params": [
     0.15000000596046448,
     0.10000000149011612,
     0.10000000149011612,
     0.0,
     0.0,
     0.0
    ],
    "ccd": false,
    "kinematic": false,
    "mass": 15.0,
    "hull_offset": 0,
    "hull_count": 0,
    "collision_group": 7
   },
   "joint_desc": {
    "type": 1,
    "axis": [
     0.0,
     1.0,
     0.0
    ],
    "rest_length": 0.0,
    "limit_min": [
     0.0,
     0.0,
     -0.0
    ],
    "limit_max": [
     0.0,
     0.0,
     -0.0
    ],
    "limit_axes": 0,
    "stiffness": 8000.0,
    "angular_compliance": 9.999999747378752e-06,
    "damping": 0.5,
    "yield_strength": 0.0,
    "break_strength": 0.0,
    "mass_scale": 15.0,
    "anchor_a": [
     -0.0030032414942979813,
     0.7961660623550415,
     -0.06355173885822296
    ],
    "anchor_b": [
     -0.0030032414942979813,
     0.7961660623550415,
     -0.06355173885822296
    ]
   }
  },
  {
   "name": "Ribcage",
   "parent": 1,
   "rest_local": [
    0.9912413954734802,
    -0.09532709419727325,
    0.09139697253704071,
    0.0,
    0.08927203714847565,
    0.9936693906784058,
    0.0682021826505661,
    0.0,
    -0.09731987863779068,
    -0.05944561958312988,
    0.9934762120246887,
    0.0,
    -9.313225746154785e-09,
    1.4319084584712982e-08,
    -0.1939469575881958,
    1.0
   ],
   "rest_world": [
    0.9999857544898987,
    -0.0011715739965438843,
    -0.005209758877754211,
    0.0,
    0.0053398460149765015,
    0.21939700841903687,
    0.9756210446357727,
    0.0,
    -6.51925802230835e-09,
    -0.9756348133087158,
    0.219400092959404,
    0.0,
    -0.02079978585243225,
    0.9812717437744141,
    -0.11863890290260315,
    1.0
   ],
   "tail_pos": [
    -0.02079978585243225,
    1.2511920928955078,
    -0.17933841049671173
   ],
   "constraints": [],
   "collider": {
    "shape": "box",
    "params": [
     0.15000000596046448,
     0.20000000298023224,
     0.10000000149011612,
     0.0,
     0.0,
     0.0
    ],
    "ccd": false,
    "kinematic": false,
    "mass": 12.0,
    "hull_offset": 0,
    "hull_count": 0,
    "collision_group": 7
   },
   "joint_desc": {
    "type": 1,
    "axis": [
     0.0,
     1.0,
     0.0
    ],
    "rest_length": 0.0,
    "limit_min": [
     -0.5235987901687622,
     -0.5235987901687622,
     -0.5235987901687622
    ],
    "limit_max": [
     0.5235987901687622,
     0.5235987901687622,
     0.5235987901687622
    ],
    "limit_axes": 7,
    "stiffness": 8000.0,
    "angular_compliance": 9.999999747378752e-06,
    "damping": 0.5,
    "yield_strength": 0.0,
    "break_strength": 0.0,
    "mass_scale": 15.0,
    "anchor_a": [
     -0.02079978585243225,
     0.9812717437744141,
     -0.11863891035318375
    ],
    "anchor_b": [
     -0.02079978585243225,
     0.9812717437744141,
     -0.11863891035318375
    ]
   }
  },
  {
   "name": "Neck",
   "parent": 2,
   "rest_local": [
    0.9537134766578674,
    0.2674916684627533,
    0.13740064203739166,
    0.0,
    -0.30071428418159485,
    0.846409022808075,
    0.43950289487838745,
    0.0,
    0.0012661890359595418,
    -0.46047818660736084,
    0.8876702785491943,
    0.0,
    4.0745362639427185e-10,
    -9.713403414934874e-09,
    -0.2766612768173218,
    1.0
   ],
   "rest_world": [
    0.9551281929016113,
    -0.07648332417011261,
    0.2861475646495819,
    0.0,
    -0.2961903214454651,
    -0.2427423894405365,
    0.9237680435180664,
    0.0,
    -0.001192717463709414,
    -0.9670709371566772,
    -0.25450387597084045,
    0.0,
    -0.020799783989787102,
    1.2511920928955078,
    -0.17933841049671173,
    1.0
   ],
   "tail_pos": [
    -0.020567335188388824,
    1.439668893814087,
    -0.1297370046377182
   ],
   "constraints": [],
   "collider": {
    "shape": "point",
    "params": [
     0.0,
     0.0,
     0.0,
     0.0,
     0.0,
     0.0
    ],
    "ccd": false,
    "kinematic": false,
    "mass": 3.5,
    "hull_offset": 0,
    "hull_count": 0,
    "collision_group": 7
   },
   "joint_desc": {
    "type": 1,
    "axis": [
     0.0,
     1.0,
     0.0
    ],
    "rest_length": 0.0,
    "limit_min": [
     -0.3490658402442932,
     -0.3490658402442932,
     -0.3490658402442932
    ],
    "limit_max": [
     0.3490658402442932,
     0.3490658402442932,
     0.3490658402442932
    ],
    "limit_axes": 7,
    "stiffness": 8000.0,
    "angular_compliance": 9.999999747378752e-06,
    "damping": 0.5,
    "yield_strength": 0.0,
    "break_strength": 0.0,
    "mass_scale": 15.0,
    "anchor_a": [
     -0.02079978585243225,
     1.2511920928955078,
     -0.17933841049671173
    ],
    "anchor_b": [
     -0.02079978585243225,
     1.2511920928955078,
     -0.17933841049671173
    ]
   }
  },
  {
   "name": "Head",
   "parent": 3,
   "rest_local": [
    0.9551282525062561,
    -0.29619041085243225,
    -0.0011926955776289105,
    0.0,
    0.2537466883659363,
    0.8203233480453491,
    -0.5125253200531006,
    0.0,
    0.15278342366218567,
    0.4892246723175049,
    0.8586713075637817,
    0.0,
    -7.450580596923828e-09,
    1.0244548320770264e-08,
    -0.19489449262619019,
    1.0
   ],
   "rest_world": [
    1.0000001192092896,
    1.4901161193847656e-08,
    -8.940696716308594e-08,
    0.0,
    7.450580596923828e-08,
    0.2771137058734894,
    0.9608372449874878,
    0.0,
    0.0,
    -0.9608370661735535,
    0.27711358666419983,
    0.0,
    -0.020567329600453377,
    1.439668893814087,
    -0.1297370046377182,
    1.0
   ],
   "tail_pos": [
    -0.020567335188388824,
    1.5671502351760864,
    -0.16650371253490448
   ],
   "constraints": [],
   "collider": {
    "shape": "capsule",
    "params": [
     0.07999999821186066,
     0.07999999821186066,
     1.0,
     0.0,
     0.0,
     0.0
    ],
    "ccd": false,
    "kinematic": false,
    "mass": 3.5,
    "hull_offset": 0,
    "hull_count": 0,
    "collision_group": 6
   },
   "joint_desc": {
    "type": 1,
    "axis": [
     0.0,
     1.0,
     0.0
    ],
    "rest_length": 0.0,
    "limit_min": [
     -0.3490658402442932,
     -0.3490658402442932,
     -0.3490658402442932
    ],
    "limit_max": [
     0.3490658402442932,
     0.3490658402442932,
     0.3490658402442932
    ],
    "limit_axes": 7,
    "stiffness": 8000.0,
    "angular_compliance": 9.999999747378752e-06,
    "damping": 0.5,
    "yield_strength": 0.0,
    "break_strength": 0.0,
    "mass_scale": 15.0,
    "anchor_a": [
     -0.020567335188388824,
     1.439668893814087,
     -0.1297370046377182
    ],
    "anchor_b": [
     -0.020567335188388824,
     1.439668893814087,
     -0.1297370046377182
    ]
   }
  },
  {
   "name": "Clav.R",
   "parent": 2,
   "rest_local": [
    0.07039263844490051,
    0.513529896736145,
    -0.855179488658905,
    0.0,
    0.20210857689380646,
    0.8321826457977295,
    0.5163567066192627,
    0.0,
    0.9768301248550415,
    -0.20918677747249603,
    -0.04520925506949425,
    0.0,
    -0.11069811880588531,
    -0.007314130663871765,
    -0.28640827536582947,
    1.0
   ],
   "rest_world": [
    0.07313381135463715,
    0.9469272494316101,
    0.31301742792129517,
    0.0,
    0.20654940605163574,
    -0.321433961391449,
    0.9241306781768799,
    0.0,
    0.9756991267204285,
    -0.0029316581785678864,
    -0.21909497678279877,
    0.0,
    -0.1315353810787201,
    1.259226679801941,
    -0.1880360245704651,
    1.0
   ],
   "tail_pos": [
    -0.22560419142246246,
    1.2595093250274658,
    -0.1669127196073532
   ],
   "constraints": [],
   "collider": {
    "shape": "capsule",
    "params": [
     0.07999999821186066,
     0.10000000149011612,
     1.0,
     0.0,
     0.0,
     0.0
    ],
    "ccd": false,
    "kinematic": false,
    "mass": 3.0,
    "hull_offset": 0,
    "hull_count": 0,
    "collision_group": 7
   },
   "joint_desc": {
    "type": 2,
    "axis": [
     0,
     0,
     -1
    ],
    "rest_length": 0.0,
    "limit_min": [
     -0.1745329201221466,
     0.0,
     0.0
    ],
    "limit_max": [
     0.8726646304130554,
     0.0,
     0.0
    ],
    "limit_axes": 1,
    "stiffness": 8000.0,
    "angular_compliance": 9.999999747378752e-06,
    "damping": 0.5,
    "yield_strength": 0.0,
    "break_strength": 0.0,
    "mass_scale": 15.0,
    "drive_flags": 3,
    "drive_compliance": 1.0,
    "anchor_a": [
     -0.1315353810787201,
     1.259226679801941,
     -0.18803603947162628
    ],
    "anchor_b": [
     -0.1315353810787201,
     1.259226679801941,
     -0.18803603947162628
    ]
   }
  },
  {
   "name": "UArm.R",
   "parent": 5,
   "rest_local": [
    -0.3586135506629944,
    -0.9334286451339722,
    -0.010357914492487907,
    0.0,
    0.8509371280670166,
    -0.3314429819583893,
    0.4074941575527191,
    0.0,
    -0.38379985094070435,
    0.137318953871727,
    0.9131492972373962,
    0.0,
    -1.862645149230957e-08,
    1.1175870895385742e-08,
    -0.09641172736883163,
    1.0
   ],
   "rest_world": [
    -0.22913211584091187,
    -0.0395149290561676,
    -0.9725929498672485,
    0.0,
    0.3913646340370178,
    0.9111179709434509,
    -0.12921839952468872,
    0.0,
    0.8912534117698669,
    -0.4102465510368347,
    -0.19330181181430817,
    0.0,
    -0.22560420632362366,
    1.2595093250274658,
    -0.16691270470619202,
    1.0
   ],
   "tail_pos": [
    -0.39934277534484863,
    1.3394817113876343,
    -0.12923097610473633
   ],
   "constraints": [],
   "collider": {
    "shape": "capsule",
    "params": [
     0.05000000074505806,
     0.20000000298023224,
     1.0,
     0.0,
     0.0,
     0.0
    ],
    "ccd": false,
    "kinematic": false,
    "mass": 2.0999999046325684,
    "hull_offset": 0,
    "hull_count": 0,
    "collision_group": 7
   },
   "joint_desc": {
    "type": 1,
    "axis": [
     0.0,
     1.0,
     0.0
    ],
    "rest_length": 0.0,
    "limit_min": [
     -2.7925267219543457,
     -1.0471975803375244,
     -3.3161256313323975
    ],
    "limit_max": [
     1.3089969158172607,
     2.7925267219543457,
     2.7925267219543457
    ],
    "limit_axes": 0,
    "stiffness": 8000.0,
    "angular_compliance": 9.999999747378752e-06,
    "damping": 0.5,
    "yield_strength": 0.0,
    "break_strength": 0.0,
    "mass_scale": 15.0,
    "anchor_a": [
     -0.22560419142246246,
     1.2595093250274658,
     -0.1669127196073532
    ],
    "anchor_b": [
     -0.22560419142246246,
     1.2595093250274658,
     -0.1669127196073532
    ]
   }
  },
  {
   "name": "FArm.R",
   "parent": 6,
   "rest_local": [
    -0.07367505878210068,
    0.9749110341072083,
    -0.21004869043827057,
    0.0,
    -0.9939432740211487,
    -0.08900188654661179,
    -0.06446174532175064,
    0.0,
    -0.08153922855854034,
    0.20402725040912628,
    0.9755634069442749,
    0.0,
    -7.450580596923828e-09,
    3.91155481338501e-08,
    -0.19493745267391205,
    1.0
   ],
   "rest_world": [
    0.2112204134464264,
    0.9773419499397278,
    -0.013717815279960632,
    0.0,
    0.13546039164066315,
    -0.01537042111158371,
    0.990663468837738,
    0.0,
    0.9680064916610718,
    -0.21110662817955017,
    -0.1356377750635147,
    0.0,
    -0.3993428349494934,
    1.3394817113876343,
    -0.12923094630241394,
    1.0
   ],
   "tail_pos": [
    -0.6127059459686279,
    1.3860127925872803,
    -0.09933436661958694
   ],
   "constraints": [],
   "collider": {
    "shape": "capsule",
    "params": [
     0.05000000074505806,
     0.10000000149011612,
     1.0,
     0.0,
     0.0,
     0.0
    ],
    "ccd": false,
    "kinematic": false,
    "mass": 1.5,
    "hull_offset": 0,
    "hull_count": 0,
    "collision_group": 4
   },
   "joint_desc": {
    "type": 2,
    "axis": [
     0,
     1,
     0
    ],
    "rest_length": 0.0,
    "limit_min": [
     -0.03490658476948738,
     0.0,
     0.0
    ],
    "limit_max": [
     2.879793167114258,
     0.0,
     0.0
    ],
    "limit_axes": 1,
    "stiffness": 8000.0,
    "angular_compliance": 9.999999747378752e-06,
    "damping": 0.5,
    "yield_strength": 0.0,
    "break_strength": 0.0,
    "mass_scale": 15.0,
    "anchor_a": [
     -0.39934277534484863,
     1.3394817113876343,
     -0.12923097610473633
    ],
    "anchor_b": [
     -0.39934277534484863,
     1.3394817113876343,
     -0.12923097610473633
    ]
   }
  },
  {
   "name": "Hand.R",
   "parent": 7,
   "rest_local": [
    0.9333760738372803,
    -0.03880714252591133,
    -0.3567953109741211,
    0.0,
    0.09156689792871475,
    0.9869862794876099,
    0.13218854367733002,
    0.0,
    0.3470222055912018,
    -0.15605232119560242,
    0.9247829914093018,
    0.0,
    1.73225998878479e-07,
    5.587935447692871e-09,
    -0.22041502594947815,
    1.0
   ],
   "rest_world": [
    -0.1534889191389084,
    0.9881459474563599,
    -0.0028537772595882416,
    0.0,
    0.28099769353866577,
    0.04641590639948845,
    0.9585853219032288,
    0.0,
    0.9473551511764526,
    0.14633013308048248,
    -0.2847912013530731,
    0.0,
    -0.6127059459686279,
    1.3860127925872803,
    -0.09933435171842575,
    1.0
   ],
   "tail_pos": [
    -0.8108568787574768,
    1.3554060459136963,
    -0.03976679593324661
   ],
   "constraints": [],
   "collider": {
    "shape": "convex_hull",
    "params": [
     0.0,
     0.0,
     0.0,
     0.0,
     0.0,
     0.0
    ],
    "ccd": true,
    "kinematic": false,
    "mass": 1.399999976158142,
    "hull_offset": 0,
    "hull_count": 26,
    "collision_group": 4
   },
   "joint_desc": {
    "type": 2,
    "axis": [
     1,
     0,
     0
    ],
    "rest_length": 0.0,
    "limit_min": [
     -0.6981316804885864,
     0.0,
     0.0
    ],
    "limit_max": [
     0.6981316804885864,
     0.0,
     0.0
    ],
    "limit_axes": 1,
    "stiffness": 8000.0,
    "angular_compliance": 9.999999747378752e-06,
    "damping": 0.5,
    "yield_strength": 0.0,
    "break_strength": 0.0,
    "mass_scale": 15.0,
    "anchor_a": [
     -0.6127059459686279,
     1.3860127925872803,
     -0.09933436661958694
    ],
    "anchor_b": [
     -0.6127059459686279,
     1.3860127925872803,
     -0.09933436661958694
    ]
   }
  },
  {
   "name": "Clav.L",
   "parent": 2,
   "rest_local": [
    0.05878599360585213,
    -0.34937551617622375,
    0.9351369738578796,
    0.0,
    -0.004629749804735184,
    0.9366514086723328,
    0.35023239254951477,
    0.0,
    -0.9982598423957825,
    -0.024918219074606895,
    0.053444474935531616,
    0.0,
    0.05364640802145004,
    0.0045341262593865395,
    -0.2931208908557892,
    1.0
   ],
   "rest_world": [
    0.056919537484645844,
    -0.9890729188919067,
    -0.13599523901939392,
    0.0,
    0.00037188827991485596,
    -0.13619497418403625,
    0.9906819462776184,
    0.0,
    -0.9983786940574646,
    -0.05643973499536514,
    -0.0073843225836753845,
    0.0,
    0.03287006914615631,
    1.268182635307312,
    -0.17880554497241974,
    1.0
   ],
   "tail_pos": [
    0.1518002152442932,
    1.2749059200286865,
    -0.17792589962482452
   ],
   "constraints": [],
   "collider": {
    "shape": "capsule",
    "params": [
     0.07999999821186066,
     0.10000000149011612,
     1.0,
     0.0,
     0.0,
     0.0
    ],
    "ccd": false,
    "kinematic": false,
    "mass": 3.0,
    "hull_offset": 0,
    "hull_count": 0,
    "collision_group": 7
   },
   "joint_desc": {
    "type": 2,
    "axis": [
     0,
     0,
     -1
    ],
    "rest_length": 0.0,
    "limit_min": [
     -0.1745329201221466,
     0.0,
     0.0
    ],
    "limit_max": [
     0.8726646304130554,
     0.0,
     0.0
    ],
    "limit_axes": 1,
    "stiffness": 8000.0,
    "angular_compliance": 9.999999747378752e-06,
    "damping": 0.5,
    "yield_strength": 0.0,
    "break_strength": 0.0,
    "mass_scale": 15.0,
    "drive_flags": 3,
    "drive_compliance": 1.0,
    "anchor_a": [
     0.03287005424499512,
     1.268182635307312,
     -0.17880554497241974
    ],
    "anchor_b": [
     0.03287005424499512,
     1.268182635307312,
     -0.17880554497241974
    ]
   }
  },
  {
   "name": "UArm.L",
   "parent": 9,
   "rest_local": [
    0.9317011833190918,
    0.08993459492921829,
    -0.3519159257411957,
    0.0,
    -0.12125273793935776,
    0.9902937412261963,
    -0.06794131547212601,
    0.0,
    0.34238988161087036,
    0.10597177594900131,
    0.9335625767707825,
    0.0,
    -4.470348358154297e-08,
    9.193172445520759e-09,
    -0.11912331730127335,
    1.0
   ],
   "rest_world": [
    0.40441080927848816,
    -0.913906991481781,
    -0.03501168638467789,
    0.0,
    0.061297789216041565,
    -0.011110648512840271,
    0.9980576038360596,
    0.0,
    -0.9125208854675293,
    -0.4057714343070984,
    0.05152719467878342,
    0.0,
    0.1518002450466156,
    1.2749059200286865,
    -0.17792589962482452,
    1.0
   ],
   "tail_pos": [
    0.2981278896331787,
    1.3399735689163208,
    -0.18618856370449066
   ],
   "constraints": [],
   "collider": {
    "shape": "capsule",
    "params": [
     0.05000000074505806,
     0.20000000298023224,
     1.0,
     0.0,
     0.0,
     0.0
    ],
    "ccd": false,
    "kinematic": false,
    "mass": 2.0999999046325684,
    "hull_offset": 0,
    "hull_count": 0,
    "collision_group": 7
   },
   "joint_desc": {
    "type": 1,
    "axis": [
     0.0,
     1.0,
     0.0
    ],
    "rest_length": 0.0,
    "limit_min": [
     -2.7925267219543457,
     -1.0471975803375244,
     -3.3161256313323975
    ],
    "limit_max": [
     1.3089969158172607,
     2.7925267219543457,
     2.7925267219543457
    ],
    "limit_axes": 0,
    "stiffness": 8000.0,
    "angular_compliance": 9.999999747378752e-06,
    "damping": 0.5,
    "yield_strength": 0.0,
    "break_strength": 0.0,
    "mass_scale": 15.0,
    "anchor_a": [
     0.1518002152442932,
     1.2749059200286865,
     -0.17792589962482452
    ],
    "anchor_b": [
     0.1518002152442932,
     1.2749059200286865,
     -0.17792589962482452
    ]
   }
  },
  {
   "name": "FArm.L",
   "parent": 10,
   "rest_local": [
    0.9763478636741638,
    0.026419004425406456,
    0.2145853489637375,
    0.0,
    -0.026275116950273514,
    0.9996485710144043,
    -0.003523398656398058,
    0.0,
    -0.21460303664207458,
    -0.0021981934551149607,
    0.9766988158226013,
    0.0,
    -4.470348358154297e-08,
    -5.587935447692871e-09,
    -0.16035541892051697,
    1.0
   ],
   "rest_world": [
    0.2006513923406601,
    -0.9796572923660278,
    0.00324108824133873,
    0.0,
    0.05386548116803169,
    0.01433595921844244,
    0.9984452128410339,
    0.0,
    -0.9781806468963623,
    -0.2001648098230362,
    0.05564624071121216,
    0.0,
    0.2981279492378235,
    1.3399735689163208,
    -0.18618856370449066,
    1.0
   ],
   "tail_pos": [
    0.4957541823387146,
    1.3804137706756592,
    -0.1974310278892517
   ],
   "constraints": [],
   "collider": {
    "shape": "capsule",
    "params": [
     0.05000000074505806,
     0.10000000149011612,
     1.0,
     0.0,
     0.0,
     0.0
    ],
    "ccd": false,
    "kinematic": false,
    "mass": 1.5,
    "hull_offset": 0,
    "hull_count": 0,
    "collision_group": 5
   },
   "joint_desc": {
    "type": 2,
    "axis": [
     0,
     1,
     0
    ],
    "rest_length": 0.0,
    "limit_min": [
     -0.03490658476948738,
     0.0,
     0.0
    ],
    "limit_max": [
     2.879793167114258,
     0.0,
     0.0
    ],
    "limit_axes": 1,
    "stiffness": 8000.0,
    "angular_compliance": 9.999999747378752e-06,
    "damping": 0.5,
    "yield_strength": 0.0,
    "break_strength": 0.0,
    "mass_scale": 15.0,
    "anchor_a": [
     0.2981278896331787,
     1.3399735689163208,
     -0.18618856370449066
    ],
    "anchor_b": [
     0.2981278896331787,
     1.3399735689163208,
     -0.18618856370449066
    ]
   }
  },
  {
   "name": "Hand.L",
   "parent": 11,
   "rest_local": [
    0.9856429100036621,
    -0.09148934483528137,
    0.14190757274627686,
    0.0,
    0.07931871712207794,
    0.9928520917892456,
    0.08918098360300064,
    0.0,
    -0.14905233681201935,
    -0.076644666492939,
    0.9858546257019043,
    0.0,
    -4.71482053399086e-08,
    -1.862645149230957e-09,
    -0.202034592628479,
    1.0
   ],
   "rest_world": [
    0.054031260311603546,
    -0.9953087568283081,
    -0.0802559182047844,
    0.0,
    -0.01783924177289009,
    -0.0813225656747818,
    0.9965280294418335,
    0.0,
    -0.9983798861503601,
    -0.052411966025829315,
    -0.022149495780467987,
    0.0,
    0.4957542419433594,
    1.3804137706756592,
    -0.1974310278892517,
    1.0
   ],
   "tail_pos": [
    0.6988780498504639,
    1.3910771608352661,
    -0.1929246336221695
   ],
   "constraints": [],
   "collider": {
    "shape": "convex_hull",
    "params": [
     0.0,
     0.0,
     0.0,
     0.0,
     0.0,
     0.0
    ],
    "ccd": true,
    "kinematic": false,
    "mass": 1.399999976158142,
    "hull_offset": 26,
    "hull_count": 24,
    "collision_group": 5
   },
   "joint_desc": {
    "type": 2,
    "axis": [
     1,
     0,
     0
    ],
    "rest_length": 0.0,
    "limit_min": [
     -0.6981316804885864,
     0.0,
     0.0
    ],
    "limit_max": [
     0.6981316804885864,
     0.0,
     0.0
    ],
    "limit_axes": 1,
    "stiffness": 8000.0,
    "angular_compliance": 9.999999747378752e-06,
    "damping": 0.5,
    "yield_strength": 0.0,
    "break_strength": 0.0,
    "mass_scale": 15.0,
    "anchor_a": [
     0.4957541823387146,
     1.3804137706756592,
     -0.1974310278892517
    ],
    "anchor_b": [
     0.4957541823387146,
     1.3804137706756592,
     -0.1974310278892517
    ]
   }
  },
  {
   "name": "Thigh.R",
   "parent": 1,
   "rest_local": [
    -0.03754853084683418,
    -0.9453688263893127,
    -0.32383087277412415,
    0.0,
    -0.8002195358276367,
    0.22254253923892975,
    -0.5568873286247253,
    0.0,
    0.5985302925109863,
    0.23822525143623352,
    -0.7648593187332153,
    0.0,
    -0.131535604596138,
    0.03175962716341019,
    -0.006436659023165703,
    1.0
   ],
   "rest_world": [
    0.018150106072425842,
    0.043779224157333374,
    -0.998875617980957,
    0.0,
    -0.8647138476371765,
    0.5022251605987549,
    0.006299912929534912,
    0.0,
    0.5019364356994629,
    0.8636277914047241,
    0.046971604228019714,
    0.0,
    -0.1368972212076187,
    0.7961660623550415,
    -0.042957570403814316,
    1.0
   ],
   "tail_pos": [
    -0.3440527319908142,
    0.43973588943481445,
    -0.062343351542949677
   ],
   "constraints": [],
   "collider": {
    "shape": "capsule",
    "params": [
     0.0860000029206276,
     0.15000000596046448,
     1.0,
     0.0,
     0.0,
     0.0
    ],
    "ccd": false,
    "kinematic": false,
    "mass": 8.0,
    "hull_offset": 0,
    "hull_count": 0,
    "collision_group": 7
   },
   "joint_desc": {
    "type": 1,
    "axis": [
     0.0,
     1.0,
     0.0
    ],
    "rest_length": 0.0,
    "limit_min": [
     -0.6981316804885864,
     -0.3490658402442932,
     -0.5235987901687622
    ],
    "limit_max": [
     0.6981316804885864,
     2.268928050994873,
     0.5235987901687622
    ],
    "limit_axes": 0,
    "stiffness": 8000.0,
    "angular_compliance": 9.999999747378752e-06,
    "damping": 0.5,
    "yield_strength": 0.0,
    "break_strength": 0.0,
    "mass_scale": 15.0,
    "anchor_a": [
     -0.1368972212076187,
     0.7961660623550415,
     -0.04295758903026581
    ],
    "anchor_b": [
     -0.1368972212076187,
     0.7961660623550415,
     -0.04295758903026581
    ]
   }
  },
  {
   "name": "Calf.R",
   "parent": 13,
   "rest_local": [
    0.9982903599739075,
    0.004860720597207546,
    0.05824575945734978,
    0.0,
    -0.00533722061663866,
    0.99995356798172,
    0.008028147742152214,
    0.0,
    -0.058204032480716705,
    -0.00832526758313179,
    0.9982699751853943,
    0.0,
    -8.381903171539307e-09,
    -9.284121915698051e-09,
    -0.41271260380744934,
    1.0
   ],
   "rest_world": [
    0.0431516058743,
    0.09644821286201477,
    -0.9944014549255371,
    0.0,
    -0.8607409596443176,
    0.5089014768600464,
    0.012007936835289001,
    0.0,
    0.5072105526924133,
    0.8554043769836426,
    0.10497648268938065,
    0.0,
    -0.3440527319908142,
    0.43973594903945923,
    -0.06234334409236908,
    1.0
   ],
   "tail_pos": [
    -0.5907986164093018,
    0.023601945489645004,
    -0.11341191828250885
   ],
   "constraints": [],
   "collider": {
    "shape": "capsule",
    "params": [
     0.07699999958276749,
     0.1899999976158142,
     1.0,
     0.0,
     0.0,
     0.0
    ],
    "ccd": false,
    "kinematic": false,
    "mass": 3.5,
    "hull_offset": 0,
    "hull_count": 0,
    "collision_group": 2
   },
   "joint_desc": {
    "type": 2,
    "axis": [
     1,
     0,
     0
    ],
    "rest_length": 0.0,
    "limit_min": [
     -0.1745329201221466,
     0.0,
     0.0
    ],
    "limit_max": [
     1.3089969158172607,
     0.0,
     0.0
    ],
    "limit_axes": 1,
    "stiffness": 8000.0,
    "angular_compliance": 9.999999747378752e-06,
    "damping": 0.5,
    "yield_strength": 0.0,
    "break_strength": 0.0,
    "mass_scale": 15.0,
    "anchor_a": [
     -0.3440527319908142,
     0.43973588943481445,
     -0.062343351542949677
    ],
    "anchor_b": [
     -0.3440527319908142,
     0.43973588943481445,
     -0.062343351542949677
    ]
   }
  },
  {
   "name": "Foot.R",
   "parent": 14,
   "rest_local": [
    -0.17832721769809723,
    -0.4077405333518982,
    -0.8955148458480835,
    0.0,
    -0.4590630531311035,
    0.8394607901573181,
    -0.29080337285995483,
    0.0,
    0.870322048664093,
    0.3592396676540375,
    -0.3368772864341736,
    0.0,
    -1.257285475730896e-08,
    -6.05359673500061e-09,
    -0.48647618293762207,
    1.0
   ],
   "rest_world": [
    -0.11095070838928223,
    -0.9907264709472656,
    0.07842472195625305,
    0.0,
    -0.8898661732673645,
    0.13417252898216248,
    0.43604567646980286,
    0.0,
    -0.442524254322052,
    -0.021407723426818848,
    -0.8964999914169312,
    0.0,
    -0.5907986164093018,
    0.023602038621902466,
    -0.11341190338134766,
    1.0
   ],
   "tail_pos": [
    -0.49429938197135925,
    0.028270233422517776,
    0.08208367973566055
   ],
   "constraints": [],
   "collider": {
    "shape": "convex_hull",
    "params": [
     0.0,
     0.0,
     0.0,
     0.0,
     0.0,
     0.0
    ],
    "ccd": true,
    "kinematic": false,
    "mass": 2.0,
    "hull_offset": 50,
    "hull_count": 23,
    "collision_group": 2
   },
   "joint_desc": {
    "type": 2,
    "axis": [
     0,
     1,
     0
    ],
    "rest_length": 0.0,
    "limit_min": [
     -1.0471975803375244,
     0.0,
     0.0
    ],
    "limit_max": [
     0.5235987901687622,
     0.0,
     0.0
    ],
    "limit_axes": 1,
    "stiffness": 8000.0,
    "angular_compliance": 9.999999747378752e-06,
    "damping": 0.5,
    "yield_strength": 0.0,
    "break_strength": 0.0,
    "mass_scale": 15.0,
    "anchor_a": [
     -0.5907986164093018,
     0.023601945489645004,
     -0.11341191828250885
    ],
    "anchor_b": [
     -0.5907986164093018,
     0.023601945489645004,
     -0.11341191828250885
    ]
   }
  },
  {
   "name": "Thigh.L",
   "parent": 1,
   "rest_local": [
    0.1199524998664856,
    0.8751204013824463,
    0.468802273273468,
    0.0,
    0.9382026195526123,
    0.054487235844135284,
    -0.3417695462703705,
    0.0,
    -0.3246331214904785,
    0.480827659368515,
    -0.8145048022270203,
    0.0,
    0.11528170853853226,
    0.0009683240205049515,
    0.013974310830235481,
    1.0
   ],
   "rest_world": [
    0.08319652080535889,
    -0.19219627976417542,
    0.9778234958648682,
    0.0,
    0.8941535353660583,
    0.44760164618492126,
    0.011901173740625381,
    0.0,
    -0.4399626851081848,
    0.8733345866203308,
    0.2090919017791748,
    0.0,
    0.11251719295978546,
    0.7961660623550415,
    -0.051672279834747314,
    1.0
   ],
   "tail_pos": [
    0.3003665506839752,
    0.4232814610004425,
    -0.14094758033752441
   ],
   "constraints": [],
   "collider": {
    "shape": "capsule",
    "params": [
     0.0860000029206276,
     0.1599999964237213,
     1.0,
     0.0,
     0.0,
     0.0
    ],
    "ccd": false,
    "kinematic": false,
    "mass": 8.0,
    "hull_offset": 0,
    "hull_count": 0,
    "collision_group": 7
   },
   "joint_desc": {
    "type": 1,
    "axis": [
     0.0,
     1.0,
     0.0
    ],
    "rest_length": 0.0,
    "limit_min": [
     -0.6981316804885864,
     -0.3490658402442932,
     -0.5235987901687622
    ],
    "limit_max": [
     0.6981316804885864,
     2.268928050994873,
     0.5235987901687622
    ],
    "limit_axes": 0,
    "stiffness": 8000.0,
    "angular_compliance": 9.999999747378752e-06,
    "damping": 0.5,
    "yield_strength": 0.0,
    "break_strength": 0.0,
    "mass_scale": 15.0,
    "anchor_a": [
     0.11251717805862427,
     0.7961660623550415,
     -0.05167229473590851
    ],
    "anchor_b": [
     0.11251717805862427,
     0.7961660623550415,
     -0.05167229473590851
    ]
   }
  },
  {
   "name": "Calf.L",
   "parent": 16,
   "rest_local": [
    0.9996933341026306,
    -0.021962828934192657,
    0.011435773223638535,
    0.0,
    0.021530650556087494,
    0.9990966320037842,
    0.0366344191133976,
    0.0,
    -0.0122300386428833,
    -0.03637704998254776,
    0.9992632269859314,
    0.0,
    -2.2351741790771484e-08,
    4.9709342420101166e-08,
    -0.4269665777683258,
    1.0
   ],
   "rest_world": [
    0.05850154533982277,
    -0.19198068976402283,
    0.9796534180641174,
    0.0,
    0.8790193796157837,
    0.4750533699989319,
    0.040603578090667725,
    0.0,
    -0.473182737827301,
    0.858759343624115,
    0.19654610753059387,
    0.0,
    0.3003665804862976,
    0.42328134179115295,
    -0.14094755053520203,
    1.0
   ],
   "tail_pos": [
    0.5179595947265625,
    0.02838096022605896,
    -0.2313293069601059
   ],
   "constraints": [],
   "collider": {
    "shape": "capsule",
    "params": [
     0.07599999755620956,
     0.20000000298023224,
     1.0,
     0.0,
     0.0,
     0.0
    ],
    "ccd": false,
    "kinematic": false,
    "mass": 3.5,
    "hull_offset": 0,
    "hull_count": 0,
    "collision_group": 1
   },
   "joint_desc": {
    "type": 2,
    "axis": [
     1,
     0,
     0
    ],
    "rest_length": 0.0,
    "limit_min": [
     -0.1745329201221466,
     0.0,
     0.0
    ],
    "limit_max": [
     1.3089969158172607,
     0.0,
     0.0
    ],
    "limit_axes": 1,
    "stiffness": 8000.0,
    "angular_compliance": 9.999999747378752e-06,
    "damping": 0.5,
    "yield_strength": 0.0,
    "break_strength": 0.0,
    "mass_scale": 15.0,
    "anchor_a": [
     0.3003665506839752,
     0.4232814610004425,
     -0.14094758033752441
    ],
    "anchor_b": [
     0.3003665506839752,
     0.4232814610004425,
     -0.14094758033752441
    ]
   }
  },
  {
   "name": "Foot.L",
   "parent": 17,
   "rest_local": [
    -0.11083857715129852,
    -0.5518063902854919,
    0.82657390832901,
    0.0,
    -0.15157175064086914,
    0.8313546776771545,
    0.5346730947494507,
    0.0,
    -0.9822121858596802,
    -0.06602279096841812,
    -0.17578451335430145,
    0.0,
    -6.984919309616089e-09,
    -2.3283064365386963e-08,
    -0.4598499536514282,
    1.0
   ],
   "rest_world": [
    -0.8826532363891602,
    0.468969464302063,
    0.03147117793560028,
    0.0,
    0.46891164779663086,
    0.883192241191864,
    -0.009643886238336563,
    0.0,
    -0.03231804072856903,
    0.006244823336601257,
    -0.9994580745697021,
    0.0,
    0.5179596543312073,
    0.028380870819091797,
    -0.2313292771577835,
    1.0
   ],
   "tail_pos": [
    0.5248941779136658,
    0.027040995657444,
    -0.016872473061084747
   ],
   "constraints": [],
   "collider": {
    "shape": "convex_hull",
    "params": [
     0.0,
     0.0,
     0.0,
     0.0,
     0.0,
     0.0
    ],
    "ccd": true,
    "kinematic": false,
    "mass": 2.0,
    "hull_offset": 73,
    "hull_count": 24,
    "collision_group": 1
   },
   "joint_desc": {
    "type": 2,
    "axis": [
     0,
     1,
     0
    ],
    "rest_length": 0.0,
    "limit_min": [
     -1.0471975803375244,
     0.0,
     0.0
    ],
    "limit_max": [
     0.5235987901687622,
     0.0,
     0.0
    ],
    "limit_axes": 1,
    "stiffness": 8000.0,
    "angular_compliance": 9.999999747378752e-06,
    "damping": 0.5,
    "yield_strength": 0.0,
    "break_strength": 0.0,
    "mass_scale": 15.0,
    "anchor_a": [
     0.5179595947265625,
     0.02838096022605896,
     -0.2313293069601059
    ],
    "anchor_b": [
     0.5179595947265625,
     0.02838096022605896,
     -0.2313293069601059
    ]
   }
  }
 ],
 "ibms": [
  [
   0.9990239143371582,
   0.04119166359305382,
   -0.015947936102747917,
   0.0,
   -0.04109766706824303,
   0.7344886660575867,
   -0.6773752570152283,
   0.0,
   -0.016188642010092735,
   0.6773695945739746,
   0.7354646921157837,
   0.0,
   0.05383080616593361,
   -0.5302281975746155,
   0.5186821818351746,
   1.0
  ],
  [
   0.9917039275169373,
   -0.09001967310905457,
   0.09175984561443329,
   0.0,
   0.11337339878082275,
   0.2761169970035553,
   -0.9544139504432678,
   0.0,
   0.0605795755982399,
   0.9568990468978882,
   0.2840321958065033,
   0.0,
   -0.06375464797019958,
   -0.140557661652565,
   0.7935482263565063,
   1.0
  ],
  [
   0.9999857544898987,
   0.005339866504073143,
   -6.635674676402914e-09,
   0.0,
   -0.0011715693399310112,
   0.21939700841903687,
   -0.9756351709365845,
   0.0,
   -0.0052097393199801445,
   0.9756211042404175,
   0.21940018236637115,
   0.0,
   0.040456775575876236,
   -0.07801008224487305,
   0.9956132173538208,
   1.0
  ],
  [
   0.9551281332969666,
   -0.2961902916431427,
   -0.0011927038431167603,
   0.0,
   -0.07648337632417679,
   -0.24274252355098724,
   -0.9670710563659668,
   0.0,
   0.2861475348472595,
   0.9237679243087769,
   -0.2545037269592285,
   0.0,
   0.19252845644950867,
   0.48097389936447144,
   1.1653330326080322,
   1.0
  ],
  [
   0.9999998807907104,
   8.177620713922806e-08,
   3.909348222919107e-08,
   0.0,
   -2.064656889899652e-08,
   0.27711358666419983,
   -0.9608372449874878,
   0.0,
   -7.158793380313e-08,
   0.9608370661735535,
   0.2771137058734894,
   0.0,
   0.03980718553066254,
   -0.25374341011047363,
   1.4327079057693481,
   1.0
  ],
  [
   0.07313381135463715,
   0.20654937624931335,
   0.9756991267204285,
   0.0,
   0.9469276070594788,
   -0.3214341402053833,
   -0.0029316400177776814,
   0.0,
   0.3130173683166504,
   0.9241306781768799,
   -0.21909499168395996,
   0.0,
   -1.1220229864120483,
   0.6336982250213623,
   0.10448204725980759,
   1.0
  ],
  [
   -0.22913216054439545,
   0.39136460423469543,
   0.8912529349327087,
   0.0,
   -0.039514847099781036,
   0.9111184477806091,
   -0.4102465510368347,
   0.0,
   -0.9725929498672485,
   -0.1292184740304947,
   -0.19330164790153503,
   0.0,
   -0.19122032821178436,
   -1.0829428434371948,
   0.7010967135429382,
   1.0
  ],
  [
   0.21122047305107117,
   0.13546043634414673,
   0.9680063724517822,
   0.0,
   0.977342426776886,
   -0.015370535664260387,
   -0.21110661327838898,
   0.0,
   -0.013717922382056713,
   0.9906636476516724,
   -0.13563770055770874,
   0.0,
   -1.2298955917358398,
   0.22868618369102478,
   0.668780505657196,
   1.0
  ],
  [
   -0.15348878502845764,
   0.28099775314331055,
   0.947354793548584,
   0.0,
   0.9881466031074524,
   0.04641583934426308,
   0.1463303416967392,
   0.0,
   -0.0028539192862808704,
   0.9585853815078735,
   -0.28479111194610596,
   0.0,
   -1.474090814590454,
   0.23063381016254425,
   0.35982459783554077,
   1.0
  ],
  [
   0.05691954866051674,
   0.0003719018422998488,
   -0.9983786940574646,
   0.0,
   -0.9890731573104858,
   -0.1361950933933258,
   -0.05643974244594574,
   0.0,
   -0.13599517941474915,
   0.9906820058822632,
   -0.007384331896901131,
   0.0,
   1.2332065105438232,
   0.374102383852005,
   0.08409924060106277,
   1.0
  ],
  [
   0.40441080927848816,
   0.061297815293073654,
   -0.9125210046768188,
   0.0,
   -0.9139071106910706,
   -0.011110741645097733,
   -0.4057714641094208,
   0.0,
   -0.035011596977710724,
   0.9980577826499939,
   0.051527220755815506,
   0.0,
   1.1111072301864624,
   0.2071343958377838,
   0.6516026854515076,
   1.0
  ],
  [
   0.2006513923406601,
   0.05386550351977348,
   -0.9781808853149414,
   0.0,
   -0.9796574115753174,
   0.014335869811475277,
   -0.20016488432884216,
   0.0,
   0.003241184866055846,
   0.9984453916549683,
   0.05564625933766365,
   0.0,
   1.2645336389541626,
   0.17500631511211395,
   0.5541362762451172,
   1.0
  ],
  [
   0.05403125658631325,
   -0.0178392194211483,
   -0.9983798861503601,
   0.0,
   -0.9953088760375977,
   -0.08132268488407135,
   -0.05241197347640991,
   0.0,
   -0.08025585114955902,
   0.9965283870697021,
   -0.022149519994854927,
   0.0,
   1.3376737833023071,
   0.3414926528930664,
   0.5435793399810791,
   1.0
  ],
  [
   0.01814955845475197,
   -0.8647140860557556,
   0.5019367933273315,
   0.0,
   0.04377920180559158,
   0.5022251009941101,
   0.8636282086372375,
   0.0,
   -0.9988770484924316,
   0.006299459841102362,
   0.046971991658210754,
   0.0,
   -0.0987015813589096,
   -0.5380889773368835,
   -0.6123573780059814,
   1.0
  ],
  [
   0.04315108805894852,
   -0.8607410788536072,
   0.5072110295295715,
   0.0,
   0.09644821286201477,
   0.5089013576507568,
   0.855404794216156,
   0.0,
   -0.9944028854370117,
   0.012007491663098335,
   0.10497695207595825,
   0.0,
   -0.11277680099010468,
   -0.5391399264335632,
   -0.18907488882541656,
   1.0
  ],
  [
   -0.11095105856657028,
   -0.8898662328720093,
   -0.4425249993801117,
   0.0,
   -0.9907270073890686,
   0.13417230546474457,
   -0.02140795812010765,
   0.0,
